9648
2202
3927
2446
8740
1519
175
7885
8547
7906
7230
2082
1176
232
3512
8912
6206
4205
4545
5003
3788
4416
699
6984
1787
6410
1837
7491
3333
5679
9757
4016
9195
2365
4602
2889
7490
2193
6728
8021
3420
9370
9112
3674
3935
3685
6579
5338
5748
9767
9444
8152
8238
3881
9631
5614
4404
9677
226
3767
7853
5024
3334
9431
8919
8856
4434
4474
4708
9500
1740
6314
2210
3634
1228
266
4725
611
5216
351
3316
4859
7286
7919
9276
4797
1289
1665
3397
8163
8010
9364
9711
9811
3914
4812
424
6366
3618
9654
6893
6978
4352
61
9306
2991
4894
5493
8176
2662
1760
4181
5474
860
9850
3714
3116
8911
2764
7382
4561
1984
9083
4479
6223
5694
1853
275
4305
4067
6336
2961
3185
4808
7671
7188
6120
5268
2210
8513
9747
7537
7961
8847
8099
1103
2102
9110
7762
210
4380
7807
8861
3543
2791
3436
5874
7428
8145
4129
6663
4445
8606
15
9876
2034
8901
4450
5647
9109
7356
5936
3186
426
1599
8273
5099
7848
3948
1918
1344
6044
9902
5379
3180
2268
9539
1086
9931
7689
3420
7225
5550
5629
7586
8852
2555
8388
2319
347
9652
104
2016
6263
6546
3892
6885
8688
4334
970
4353
2352
1707
3216
5909
7555
2980
7588
2500
6138
3662
4561
3378
8383
6217
5546
7774
5651
408
115
7865
3747
170
9582
3233
6746
2917
4643
8575
63
4191
6665
3274
9886
3528
8993
8517
3653
6407
899
3356
3365
9535
3856
1558
136
6429
1573
8663
5617
2625
1617
6917
1679
8231
7918
4453
9100
9857
8875
4322
4194
1011
9754
5945
3613
8570
2629
4803
9180
2073
2940
4160
1920
7186
5641
9500
1767
8686
7301
9297
5426
5065
1363
2873
9314
8781
618
9934
4946
3529
720
2625
2878
9997
5057
7699
9537
1589
4495
9683
4908
7471
3940
6052
658
7259
8434
7881
4560
1567
5740
5216
5418
2804
5245
793
8177
5408
7030
1410
3744
5873
3990
4432
966
498
8721
5724
5822
3021
4787
6551
745
6461
926
9371
6846
5663
7342
4096
4343
5413
8814
424
9709
3766
4196
5368
3710
3157
6311
7171
458
397
545
6692
4926
9366
1327
6760
7815
4614
5381
8917
7864
3751
2398
763
9175
3456
8241
1766
8001
1459
4128
8093
638
6467
5738
3498
2143
320
7888
2582
5716
8161
1013
7792
5338
7740
126
1738
4545
1845
9369
1201
8460
2096
986
8967
4994
5396
3200
8446
2817
2735
1654
1011
5602
4256
613
596
1175
8197
4726
8431
2049
497
8614
4953
2319
4153
3875
952
4176
4684
3747
4174
6473
4733
1699
1122
1955
5870
9101
1740
8843
1115
4995
4157
5517
6368
1575
1497
2667
3479
957
3410
1686
1106
9800
9730
2864
8353
7745
6165
7288
6097
727
3216
4052
402
2768
3298
5645
1730
1165
9845
6804
4251
9867
8097
4850
2902
7142
9694
94
491
3256
787
5959
6647
6239
3840
4897
4023
829
6772
6285
8071
2201
6620
5456
5490
8290
6937
4341
5221
4260
9676
5375
548
7971
9905
9511
3656
3172
7526
1652
2404
7532
5686
8024
8595
4431
4854
8646
6001
3722
6682
7346
2418
9181
8597
2113
1602
8192
5068
3392
1913
6406
9430
480
4010
8207
4914
1838
4649
8327
5509
9889
3128
8412
2783
8141
1708
5853
3032
4724
3680
2349
7948
4732
4774
2503
4096
2284
8229
3516
2543
6719
7108
7239
2246
2891
8897
4098
5993
3452
1342
4657
2752
2522
4648
1340
8257
1321
7398
7435
7211
5886
4203
921
9580
2223
6071
9579
2912
6595
976
2666
7798
6201
1577
1500
9969
677
5196
2208
2696
6965
8345
7608
5562
2481
6811
177
3234
6593
1011
686
9122
2793
3844
8435
8655
7855
6138
4989
7369
6300
7591
3935
9717
2625
8603
183
2345
3601
2144
5007
8084
4732
9728
1967
1607
2669
6195
5647
9460
8761
7672
8570
7585
3447
6351
4303
5657
2959
6785
8065
240
4571
4957
2622
3184
5466
3073
7533
5509
2243
2432
8240
2449
8231
277
1817
8748
1951
3781
9161
3772
6244
8378
6308
9373
2990
2194
8464
2110
8276
8786
3499
8120
5234
7672
5260
2443
4249
92
9474
4134
6496
2
3834
5907
6232
878
2796
1181
5741
1716
1268
6815
6824
9116
5470
7242
9873
3935
1450
8802
2482
9152
2464
325
9015
4617
7613
7738
5074
3777
3291
3698
1483
9463
3518
7645
3732
9566
1995
5661
7818
7109
883
1231
7703
370
8477
1803
6981
3338
4466
5480
9549
543
6754
668
5325
2791
724
704
3320
7333
3210
2765
5432
870
2579
4165
1438
1162
6522
5168
2266
5740
907
5057
7126
6000
5190
7988
5484
3785
3068
3718
4057
3812
9926
3809
8041
9940
6966
7507
2337
8954
2773
7258
635
8817
5275
7822
5068
8932
9708
8874
178
3741
1104
7417
3961
8730
1099
1577
6348
5230
4379
9487
6281
5249
9569
4487
3181
1749
6022
725
191
6070
398
5709
3529
1485
2138
8827
2496
5778
2327
1440
9301
3787
9940
4826
6003
7845
7490
6799
1865
9069
1684
1734
5106
4268
7381
9442
4095
7837
9112
2763
6999
5532
6203
1771
8677
4013
3541
3090
4367
6502
3342
502
215
1962
3822
5210
2730
2675
2253
1162
245
2843
666
544
9896
2263
5111
7751
8675
4065
8562
3290
189
3088
6606
6071
2131
9110
543
8917
7149
5958
1893
1471
3692
6304
7984
2524
9472
3578
1858
2300
2134
5660
3026
1298
191
7192
5468
1145
6779
6485
1013
84
5876
439
3837
741
4792
108
253
3209
9517
7461
2592
6191
4457
4383
6542
1923
4154
5997
5731
3948
175
7236
2687
1246
8826
1346
6182
8972
6861
9708
6935
4862
8177
4531
9578
9514
5270
3954
1171
5570
7669
599
7459
2426
3553
9739
8797
2709
7339
5792
4502
2027
8613
8470
198
9257
6654
2826
8107
7861
3868
571
2012
5212
3688
7962
8923
9801
995
1374
4804
5684
3015
2144
9282
7206
9816
9114
7393
8164
4841
7527
6190
6223
5003
8343
4442
6215
3263
3042
4701
3191
9869
2566
2936
3265
8493
6079
9411
9271
451
5889
6452
9299
1512
7173
2689
180
5235
5950
7325
3302
6342
4967
5310
5324
1268
1531
4176
4940
5777
7104
5554
5271
3250
160
1437
2371
340
9910
5909
9943
8376
18
1320
1251
2668
6937
4628
8010
6020
924
1270
2077
9287
4530
9804
3573
263
6805
8763
2524
1768
6326
2108
8264
1585
2942
4610
7797
3216
3907
7751
2190
8456
451
5204
8984
2886
6127
1743
2411
7442
631
2239
8046
9728
4606
2075
7022
853
3450
7920
3258
247
1178
7553
6526
4830
2356
1577
9898
5463
330
4412
6255
5190
6632
2395
7445
4027
4061
3638
4764
7070
9652
2428
9085
5733
4174
6655
75
9460
3053
3234
4668
6899
5279
3380
4638
7723
9205
1046
2264
2042
7631
1688
9214
2439
215
9922
1904
2527
790
78
2496
3678
4422
3987
4478
5865
3638
2107
2033
9175
7427
6934
1556
784
1721
6456
251
638
3750
5214
1377
3872
1015
1950
2976
6686
8850
892
9435
214
1599
7849
4731
3605
6835
2453
7141
4817
3210
3205
6532
5331
5552
7968
5864
946
9501
8307
8874
9626
7515
9957
5034
2380
7685
180
5960
2255
733
5934
1852
1092
6426
3452
2546
2775
7757
5513
2677
1409
7022
6400
6391
6762
2184
7907
7242
3548
4973
6664
8638
9507
7559
2318
4856
4641
8989
4205
6763
7726
910
6443
1893
3468
8749
9787
5656
9832
8648
7376
1812
8205
4919
6512
7838
9186
1710
4291
5791
3380
6255
5579
7132
8862
2591
7933
7549
9284
3603
6125
9612
5248
2791
7816
2747
4403
74
3387
1010
4925
7434
2945
7764
9032
9031
2121
3662
4959
7447
9206
5515
476
8870
1455
9975
4414
5191
8455
9454
8377
4779
7000
1807
3624
4140
4488
706
5853
6727
1054
6051
8665
8948
2061
4299
823
1556
2175
330
9539
3350
7997
2770
1113
8117
8586
9571
8263
7506
8912
9839
5492
8761
1906
2137
7130
3811
6720
4926
1374
487
3401
2944
7681
5997
6379
9659
2414
9329
3190
5926
4468
3056
4174
7064
1214
2563
6015
325
2622
3317
2363
4643
3528
3490
3663
5741
5402
8349
1892
1139
2634
4094
497
1932
4935
6743
9965
6585
2257
2178
6722
7335
9621
6745
9853
6977
481
5185
5794
2016
6582
6147
3549
3568
9530
5896
2339
3600
8109
7473
7671
5173
3780
1681
5352
5787
161
2839
6039
9162
2148
5371
951
2960
3866
8980
1565
8433
7044
5780
2439
6120
4851
9153
7129
9497
7374
1249
722
7525
6102
3185
4157
6904
6561
3938
6819
3394
594
9169
286
4800
7162
5025
9145
102
8648
2614
8787
7148
9324
6305
3906
1234
6761
5779
4916
3025
4872
4608
2048
3552
8297
3170
9659
7535
6005
6455
8439
9700
4527
5400
294
4944
5256
8422
2924
2332
9026
7187
6066
6133
6524
4763
2823
4017
9949
4765
4993
4734
6860
9049
1681
2470
7867
5000
1925
2848
2259
4675
4934
469
6107
6321
7794
8077
8482
7296
644
3415
7644
8927
1519
1970
9034
2165
3706
3018
9713
3218
7941
5394
813
7761
7529
8874
8495
2038
1118
4237
1233
6362
6422
3274
8362
3983
3638
9693
7516
6018
3413
8522
7099
5245
7037
6133
3000
8853
559
720
5884
3223
8595
1090
5872
1018
5357
3713
7369
7329
8250
1260
7745
6352
6745
1527
6528
7815
8967
2803
2394
6528
6099
1049
4289
833
9457
6851
5627
239
8570
5640
9823
7327
8688
8162
4265
6218
2703
8878
941
3772
9950
1967
1128
7865
2101
8398
3378
4653
6537
1635
2911
2510
563
5785
3172
3665
4383
7905
8423
8261
9839
1013
6240
6624
9359
7654
3436
1844
7828
5
128
4989
7742
4619
2394
9625
2973
3654
4722
9445
943
9648
9696
2192
2935
2269
8680
6239
6377
7953
5504
5101
1314
5163
7842
2427
1973
3922
6108
6251
3616
4843
5573
3413
6365
964
3850
2373
2708
2384
4215
466
6174
1551
1425
7819
9604
5449
671
8623
5462
328
7273
7065
4183
7647
6681
5831
6918
6650
1871
518
1784
4419
4112
5435
7552
8190
4878
6592
5760
6530
9266
8857
6777
581
3526
7138
7119
3698
9183
4855
2680
8074
104
8847
3587
1668
5514
8150
709
5954
6695
3270
8654
5186
838
5521
138
4077
6504
7870
6212
4656
2617
781
2581
7076
1266
2632
1738
3308
5243
7481
9267
2970
1263
9970
6008
3903
8680
9373
6614
7246
9512
6880
8407
4907
4121
6572
3744
9189
253
7939
7732
3692
431
5795
5269
3137
4330
5475
3850
9402
6376
57
2188
9806
786
5942
9947
8147
4759
79
9806
6609
2136
9289
5064
4114
3536
7375
7973
3081
7680
5235
7587
3405
5224
1487
8510
3296
3890
1687
3796
9680
6985
1437
8679
169
4135
9023
1441
3412
1451
6897
3457
3921
1641
7187
307
4828
8028
6288
1406
1199
7831
2898
1015
2820
7081
1492
8995
2901
6702
6790
5386
1874
1538
711
1751
5950
6256
8162
4620
439
5065
7783
1938
3904
4337
1188
4510
380
5107
4848
7183
4969
4436
7237
1539
5863
8757
5319
1977
756
8050
8901
7058
6741
4391
8411
6465
6019
6434
8545
9009
9135
4804
2596
8742
3043
3137
6943
1707
9799
4872
198
5546
4221
92
926
6235
586
3664
8844
1364
8657
9825
2201
9902
6653
4301
8495
1752
842
2785
2210
1861
657
5440
3629
5968
782
3696
2712
3312
5056
5999
5668
6630
9277
9363
4787
6003
5023
8686
2023
2423
9647
2992
9781
3332
8652
1926
9284
305
8392
6593
2728
3578
8656
8306
8598
1237
2118
5825
3828
367
9228
4684
3007
2085
7262
6972
6183
5247
8413
7988
9979
5526
1284
1539
396
8438
8777
2025
609
1183
8945
8997
2839
4533
6112
4445
6291
9944
5293
3671
1845
3470
8462
3780
8058
3179
7956
4925
1406
3043
1733
5301
3196
6022
5042
5278
8373
58
3413
4039
2600
3319
4810
2115
9683
4971
6742
5957
4807
2926
1832
247
7761
9599
6746
5706
7258
5165
7507
2008
1981
3715
9149
5445
6496
8795
9791
612
8225
51
9222
9270
8926
1740
8005
7917
1345
7247
4693
2206
2326
3242
8970
1653
43
136
9765
2978
3939
6223
3583
5874
4950
2419
8649
5145
9817
2728
3037
1914
8789
1044
6576
8201
9927
1859
166
8839
3571
6564
7058
3533
1414
4721
777
2005
5655
1196
8978
6033
40
9028
4732
1150
9791
9319
1004
9555
6971
5137
7441
3572
4902
2467
5894
2644
5462
2015
3107
1687
7807
6752
7376
9573
1385
4086
9784
4410
6025
814
7493
1370
9390
6897
9294
3650
251
5123
7802
7962
3372
7995
4031
3590
9398
1507
6812
6156
4144
8677
9839
3951
9528
8309
1956
6970
1379
4030
7434
9945
6005
2788
6979
769
4505
793
4057
5328
8221
2507
9688
8015
9966
4122
2443
1508
9019
1767
1878
7507
4168
9768
4365
6389
4114
7721
832
1825
2442
5276
6805
9030
2239
1953
6496
4347
9676
5377
576
1565
8076
3363
2729
7256
8853
7057
1641
5985
2520
6037
505
2432
8515
3485
9235
2475
2209
6335
9659
8700
3952
2293
2251
8917
9116
8953
2238
8330
8396
6860
3129
7437
3849
2879
3233
4120
6055
9829
9421
6834
2689
7568
4617
2884
6469
4296
2803
2229
4377
4154
6358
2482
4473
7181
3217
1945
4127
9968
5684
6676
6125
1791
7030
7252
537
8628
5157
7171
1366
1177
8747
235
1387
1004
8201
7413
7618
6188
2371
9401
2543
7792
9527
7860
9786
727
3211
4248
4460
3226
8051
6589
3746
3869
6700
1189
2017
2708
9608
4637
2662
3378
9222
1104
4024
877
5037
4454
8525
6878
2565
9241
4373
2388
658
5192
743
6231
9166
1700
2055
8714
5873
5047
7440
4523
6927
6149
6467
3492
719
4059
3644
1987
9988
3364
718
6103
5610
379
2827
6433
5006
8010
9857
6746
9178
7633
884
6035
8796
6322
3540
9142
2881
1944
4523
4220
5635
9112
6789
9609
7005
7648
620
7313
3159
9005
1344
8398
7731
2232
6703
2265
2274
9296
950
7029
2947
3827
4132
9740
1049
4389
519
2337
296
4355
9350
2949
3500
1186
8522
8805
4759
9649
4490
1328
6933
4221
5505
8582
7292
4402
5070
9611
5989
3823
7752
2731
7106
4450
1180
1624
7259
5123
7317
2191
8969
4589
2614
7913
1422
4982
2631
125
5039
5760
8121
899
3696
7048
7352
8563
2730
9036
4908
7307
6363
9034
8828
6735
2970
4435
9600
7035
9029
14
6496
8212
617
6665
1391
2973
9437
4442
4974
9078
812
8083
4462
3758
8749
2084
9766
265
3136
8507
4844
1884
9512
7446
8052
3877
3391
4457
5475
1496
6827
7451
3598
5508
219
3867
1892
7189
5245
2704
7940
4226
4160
4957
1805
790
3216
339
704
3068
211
8097
7284
6019
2719
6535
1830
3729
1814
7160
4042
7988
6256
8798
1410
4323
1971
7431
9194
644
4177
2301
6878
1495
9055
4563
6137
9167
9197
2539
7147
2656
6566
6148
3141
4355
38
5761
7556
7287
4147
885
1976
5986
9497
1530
2640
5414
4518
9954
9668
9246
671
6100
5039
8823
9613
9640
5239
44
184
8494
9305
9321
9630
2535
70
8273
431
3239
2324
3291
9864
1779
5986
2327
907
7605
4829
4031
7159
3582
5928
4104
9289
4347
2507
4072
4847
3264
5274
3457
1829
7088
8800
3083
6494
143
5993
5328
9088
9423
4761
3985
4044
3286
3868
7478
7656
6049
6363
1635
7915
4689
8936
9062
7253
1380
2694
8684
792
3167
6423
2371
7031
8823
3571
154
4362
1967
7074
9397
2907
8795
2519
9565
384
8739
8218
9044
9125
8083
144
8918
4453
8863
8168
6331
2053
8580
7284
5545
9005
2394
1954
8390
1508
8965
3927
7979
8295
9323
9111
4548
3877
3040
3843
1123
5290
8492
31
5269
4166
4702
2126
5612
5114
4139
9757
8524
7742
7807
7930
4481
673
8499
3503
2973
9902
431
8030
9856
9960
8391
650
3392
6498
3985
2079
4168
1998
167
6592
2124
3343
6664
3739
7146
6316
5497
8219
6076
8196
6600
6394
2650
2633
1105
9921
4093
3323
8217
4061
9902
1106
4344
8720
9037
1334
8148
7793
5102
2926
5320
3024
5805
9044
8003
7418
1602
3714
301
1574
2832
8107
2932
5914
1879
7928
8677
6797
1913
9309
39
8169
3946
9671
4625
3452
704
4501
8219
1244
7466
3152
2737
2596
8941
697
1828
6960
6361
797
1355
3697
4315
7303
2536
2893
9948
4754
9205
6838
2614
7689
5692
8149
3590
6158
7110
1667
2812
4915
9803
9636
1952
8328
4648
7984
4784
1377
3295
1807
4100
5587
6440
6417
5106
1980
1445
3463
2348
6300
4692
929
9479
7107
733
2917
6087
4521
7419
1240
4215
8548
4280
9325
8068
8313
4960
8584
3353
466
1336
5341
6581
312
1687
9785
7016
9133
9106
2140
3517
8025
1302
9106
3073
2848
9950
1357
210
9548
7461
1729
8194
6795
6789
6443
2283
8087
414
4191
3804
8638
7442
2508
8882
4703
4269
8446
4610
8848
2226
2640
5842
9486
6976
7740
7735
6273
8675
1553
6041
7947
5015
2000
1539
5374
4936
6947
9575
2359
116
265
9566
667
6850
1458
3981
4860
2572
4292
1523
9912
136
8088
9903
894
1045
2052
4334
8269
9424
214
3474
9563
8069
4249
2750
6511
5443
4263
6189
1228
4344
6732
7939
6907
8668
5458
7788
5860
6506
5342
9536
4920
5369
6087
3432
5981
5913
6590
410
6999
1784
7070
2047
4064
5732
7730
5542
9908
9515
2717
5538
2251
6318
9306
7870
2723
1108
3280
1953
8042
4475
1729
5740
3301
329
3184
5153
1488
9792
221
5629
6147
8448
4063
7478
4109
2951
1565
7024
9567
3571
3016
968
6263
9592
6248
5028
2823
4717
2705
6994
7042
5889
7905
3404
3955
123
1497
9101
250
8799
9094
8158
52
156
7612
6009
3174
6402
9982
4815
341
1393
2700
9797
9605
4780
9401
1272
827
7069
7895
8609
5745
3058
194
6340
9335
2309
2838
2066
6192
921
1277
111
3920
6656
2969
46
4319
5945
1226
8712
5066
2455
5005
3259
1047
7293
6066
6959
9283
8278
8008
5380
8091
6849
8679
3319
5491
4681
1481
4211
4933
3122
4902
1092
7401
1983
1658
3240
8205
8193
6181
9662
8450
2746
800
3264
4180
3600
7047
348
8435
8797
743
4125
9394
4434
6324
7882
4508
7276
2551
2820
766
5727
8932
947
4884
9534
8292
5226
7460
9293
7843
9510
737
702
7175
5878
4493
6615
9179
788
9215
2501
2408
7458
8524
8106
5135
7248
197
5937
4453
2874
5597
754
955
6813
5638
385
2233
3930
3943
6993
6983
5347
955
4806
1816
5267
1928
4200
9443
762
1211
5956
9407
6422
8349
9692
1306
8381
2532
3870
8806
3447
2505
8610
1377
6696
7953
8828
4175
2923
3306
2994
5830
6522
628
2664
9558
4489
6361
8551
7203
6307
3098
6364
8944
4381
3576
7116
2954
5046
4396
2869
1726
5536
8419
352
1800
7464
2074
9267
9321
3776
2449
3635
771
4367
1791
790
3653
9326
6659
9638
4382
6291
9938
2994
4671
5866
1329
1966
4946
2015
8016
1595
4369
3817
6961
6690
2516
1936
6437
2089
891
6863
6978
2504
2132
8229
8178
469
9353
2613
8090
7787
7417
4525
5509
4713
5457
8691
4653
5431
9143
2971
2774
9060
227
7126
407
6075
1610
3237
9861
4675
4953
2811
2366
693
138
5168
6111
9737
8550
5377
1667
6521
5383
8165
1640
7223
4249
3595
1455
7258
7965
9215
4576
6916
2760
8411
8152
2223
9390
8106
4224
8549
855
2408
4443
8031
5388
1365
4923
3317
5793
7416
3473
4676
718
5168
1631
7342
4779
1750
7196
8492
2551
3822
4723
4254
2357
573
3368
866
5380
1252
5097
1667
2986
4202
2508
9129
7260
840
8027
5854
8060
6557
1464
4193
7056
9922
3374
7939
5659
1688
4087
6159
1546
5789
5748
4855
4573
9070
748
3097
7935
8662
9091
1440
2852
9045
4470
8647
5887
7772
8097
2280
509
8308
4957
9875
6017
638
3865
8970
7597
3013
3908
1049
4345
5984
2405
5059
8644
419
8791
1591
6420
7237
3764
2898
7771
3021
4748
1374
312
8709
82
535
7863
2305
1587
2126
9351
2217
8820
5511
21
609
8280
957
6042
3897
3979
4214
926
289
4941
4369
7767
8101
8814
2043
4466
1910
1362
3408
2908
5800
6562
4127
6110
6440
2495
6247
1779
9926
163
141
1640
7392
9846
3376
9407
1743
5386
1971
6719
9114
8099
4137
4779
5288
6070
4480
1165
6868
1325
739
1743
8969
4581
8931
1862
2380
1204
4577
2860
2201
7546
4082
5816
262
7267
5540
5052
2996
7013
7344
5259
3795
3037
7877
7877
3525
1840
4644
8128
571
2385
9051
8389
3579
4830
649
132
6883
5319
2624
2244
5208
7868
9976
2715
8247
4770
2031
7687
2748
9586
7311
5799
561
3005
4840
2104
8670
5216
3821
2208
1055
4960
9035
2737
8931
6771
4738
8826
9088
4747
2504
9488
9220
5183
3427
2612
3847
9975
1621
5009
1692
6004
9893
501
9318
4377
7367
3242
3607
6986
2541
3487
8724
5024
1174
9607
4948
6231
7957
4494
2663
8964
2126
1732
8532
5765
1593
2199
6570
2759
6136
129
968
4558
5013
1131
9176
1237
9301
2700
1397
9906
1769
419
3758
7989
1443
6013
1587
3405
9541
7363
5820
2695
9108
5923
9657
2756
7948
5833
1556
8741
462
7433
2403
9126
9701
3500
6393
1060
7222
9637
9276
3228
9284
2575
3041
3538
9171
2917
9955
9690
4933
461
3347
4279
4913
4450
7530
6910
5745
3420
265
3686
3610
1038
7857
4382
3095
5708
8911
6826
4686
6567
9919
9532
388
7303
2081
7003
5020
8596
4393
451
9290
1680
8400
3272
5462
2484
2697
7736
2236
7718
846
2653
7281
1284
5848
9755
1072
8607
4252
92
8466
8423
851
3925
9211
1295
6451
741
9233
1901
3561
3786
8808
1680
9960
8159
6569
622
9338
742
8065
8265
9749
6414
1029
2990
6201
7585
5268
6538
2246
4141
372
5112
3819
5677
7054
8763
9977
7459
6342
9957
1542
4420
7363
1090
1805
9520
8685
6532
7810
7900
948
2971
9251
4382
1148
3393
4826
9076
7254
9343
5456
930
7563
4944
556
4790
1457
1824
6104
5434
7456
8336
7956
1701
3678
2729
1748
5198
2678
2714
4484
7742
5464
2687
5404
5744
2634
8320
3807
6216
1579
9124
1981
3518
2072
3184
5673
1958
8520
1137
7892
3788
7234
7553
5384
7313
1102
1240
2385
1869
7641
3267
9637
7856
8898
2490
4597
761
3921
8048
5131
673
9367
1100
3955
9461
9649
3375
7831
3583
2310
6865
7538
1552
5616
8525
2150
3452
7911
3157
3864
2129
7145
1491
3577
5125
4262
3246
2304
5676
4711
3157
819
3123
8206
4619
2997
7116
6057
9311
2633
9110
5888
5430
756
2184
1534
7736
8769
7065
2925
4500
62
3519
5642
8128
7299
8371
999
9889
6931
6029
5615
2899
9258
3202
2468
4629
5959
1014
3620
9653
7316
8959
3754
2931
8112
1880
4209
9733
9757
4558
8948
5975
4069
363
7776
1372
9368
4268
4763
9973
7600
2641
9133
6141
6181
17
7212
1535
6685
9208
6999
5092
2699
8414
1448
8829
4856
4292
6300
6633
3695
1614
575
307
6018
2952
7024
5772
7451
3782
4052
8000
4204
5996
2454
4952
2792
3974
4412
9627
8058
5221
4613
4497
8691
231
5758
9126
3938
1729
8292
2935
6763
3612
4419
6221
9530
4954
893
1955
3376
4579
4855
5557
716
592
7805
8871
7590
227
3574
3903
9124
81
3074
6320
9887
5085
63
2516
352
2771
1211
5717
9124
8333
52
6440
3071
5589
9915
2534
2716
3144
8631
8984
2387
3107
8534
2767
2643
3453
2927
7342
8974
3553
8082
868
9188
9798
6768
6842
2312
6365
4103
1893
7487
1014
5126
3160
9942
6254
1439
601
1667
41
2762
8270
7156
9705
6134
3620
8020
473
4058
9276
988
9096
1978
2306
9622
7045
7701
2299
8220
7747
7131
3563
1455
5465
6748
2129
3300
1913
8156
2639
5624
3114
818
6297
1077
7029
1232
5225
3501
5257
1708
8685
8562
7899
6813
8814
8904
3789
5938
9421
2354
8265
380
5020
1465
5659
3387
8791
6971
9769
4950
381
6000
2079
8820
2031
9576
4235
5656
4787
3857
6258
2426
1413
5652
1357
559
715
5726
4724
3834
2852
9052
5956
7340
8652
4160
6080
7495
3854
3073
4466
9665
6135
7919
9980
8612
1219
8275
3296
98
5542
2356
2472
2022
5017
3270
1682
8709
6638
2429
908
9907
6386
9264
24
4097
6287
297
5372
1492
5515
6488
6921
4898
8944
4135
3461
2758
7513
1529
1159
275
8437
2299
6415
9188
5643
5516
2591
9953
1419
3049
4362
7199
973
3713
4440
8735
3896
9143
4035
2582
5696
614
5089
7356
2333
911
5310
77
1109
2285
8420
9502
3621
1370
4890
7914
1729
5082
5671
90
7445
5045
2194
6034
8567
8547
3432
2664
6204
9055
2840
1872
3763
4430
5790
4595
178
9161
3930
8238
4971
3189
6204
711
2746
8612
319
522
1486
8292
2111
689
5857
8166
9640
18
8950
5721
4333
6770
318
4549
7057
5975
8839
8259
8341
2028
4162
6617
5215
3341
1407
4660
2259
4882
3783
3278
3504
2345
7206
1503
106
6252
6723
8879
6160
1009
7805
6681
9610
544
3604
3196
1392
1023
3249
5323
8297
5545
306
5268
5807
8318
5286
5038
6203
1620
7601
8059
3315
7019
2541
1501
6813
7758
9070
4645
4094
9236
6944
6438
851
8486
4351
9832
2635
7404
8211
1033
4079
7937
6134
4398
5119
3861
307
2167
6699
1680
700
2432
6858
4227
1880
1859
443
6587
1655
1867
4021
4015
260
2580
1805
7865
1158
9902
7348
562
6066
7264
7226
2933
5025
8906
6035
869
9210
818
5060
4218
4171
8624
5755
2663
9177
3285
4200
2135
4530
166
2683
4326
4523
7511
8907
7388
8747
9858
1168
5220
4755
2486
1886
4683
9576
3100
6255
9891
7039
6021
6204
711
2595
272
3720
6377
774
9928
4009
6967
2290
4793
7603
813
9691
3731
1810
2515
8979
471
6675
5671
713
6862
9824
5798
3775
1785
4551
2211
5638
9523
7927
6170
1736
3827
7542
9054
2946
2382
9025
382
5292
6313
6976
8583
3926
6940
2213
1939
8993
8145
3681
8543
1192
7804
5476
4602
9721
7637
6847
9689
2963
7568
5623
2567
5357
1710
3961
730
5329
3004
5812
2097
6324
4777
1799
2377
4482
9478
8232
5039
2906
8069
5518
9871
8772
3204
3004
1643
4107
9395
3563
5304
7275
7344
9939
4146
4487
4564
5349
7024
1911
759
9079
7986
2413
1166
9485
5111
9779
6053
2480
4155
8754
7383
5854
1005
577
1466
2463
3774
56
5656
6783
7045
8032
3799
8908
7520
7562
1610
3998
7173
1416
3649
8781
6071
2092
6028
5252
7156
8155
5341
9329
9851
2637
2762
565
6107
755
2866
1470
2902
614
2999
7742
5204
9784
7833
3976
3780
9369
100
4391
8222
7017
8111
955
7139
628
7270
4193
8054
5119
4690
5885
8036
4462
3555
9319
4718
8479
6767
6127
2183
6646
1477
8734
6665
6406
2154
4155
4450
2761
8405
4902
2476
1100
1398
1396
1147
7882
3264
40
5183
916
824
8506
9257
890
5685
7623
4282
9208
5703
8389
1606
991
917
1681
3544
8334
7567
8519
3103
6462
8081
4765
7606
999
9976
5773
8258
7778
5103
8253
1348
2940
5411
1260
1742
9876
5573
6699
9490
9714
7069
7957
7366
6067
9052
189
3284
4741
2458
2387
9870
3627
5101
6018
9054
4365
8219
4345
3772
4048
3351
6883
3913
3885
6503
4390
2839
3361
2246
293
5115
8129
7094
8050
8619
4087
5997
9204
4050
3165
3536
7232
4323
405
61
2343
9562
1042
6754
7708
6877
9479
3819
4336
6369
2154
7800
9324
681
7909
2989
7434
378
2345
6196
4753
3690
4382
7725
4507
3462
5980
8005
6180
1378
4175
9316
5841
8428
4459
4752
795
2346
9548
6080
2199
2401
3288
6363
35
6007
659
4478
5775
320
7902
2844
9301
3653
6974
4127
4406
6148
7012
6045
7699
5440
1790
631
2340
9512
5994
7291
7897
8757
4962
5593
5915
3325
1897
1794
7294
6918
4304
1100
5462
6964
8005
7042
7586
9714
9608
4312
2073
2879
411
2973
7568
4864
6678
7865
6517
3700
8741
3941
6763
3317
6830
3034
3234
4377
146
8466
7522
264
9136
6059
8068
2872
6544
3258
845
917
1043
5420
1032
9468
2500
6167
6479
6550
5819
7471
7446
914
1662
6084
7492
6843
9924
1833
5086
4377
6616
1919
8050
5843
8582
5072
9693
1794
9605
2856
8025
9168
2385
3390
9527
2655
3044
6272
2132
4375
3008
2268
187
6599
1259
5451
8616
1709
6552
9255
6004
6944
894
8302
7106
8170
3703
6495
1956
9012
6455
5281
5691
1897
5495
1714
745
1164
4093
3165
6964
7878
8218
3253
6042
2343
4447
7742
684
3598
2301
9355
3320
5092
3960
7041
5623
5650
6711
1339
7983
7826
6186
9431
7030
8371
392
1197
2740
7527
9189
6192
6851
9255
5132
2461
4374
5430
6367
7472
5267
2562
2392
8519
4142
1015
4298
2094
5524
9085
2377
3368
5329
3042
1139
9327
3678
947
2553
531
7034
8595
4606
2830
5316
3310
8427
5625
3922
2663
1165
599
9586
8846
7068
3823
7466
7501
1688
1831
1725
8529
3058
4491
6733
8694
6916
9149
4888
2684
7198
1399
577
9525
9198
6076
6955
2192
1931
5884
1092
6640
6766
3910
8444
2469
6782
4936
416
9004
247
2914
6967
3122
1734
2936
8633
3860
5539
6902
455
7186
8186
2638
7195
225
8984
380
8253
6608
5584
939
2446
3587
9911
5713
7189
9467
3714
2341
5028
3382
4681
1985
5766
8322
7592
6850
6679
1629
594
1356
7344
4809
5667
6219
9693
2443
7632
4436
9245
2770
1517
314
6758
4596
9771
9772
3874
1892
2955
1947
4698
4384
9444
9466
4029
1543
1517
558
7132
6168
2823
7365
9126
9205
90
1347
1579
5671
8043
1559
7295
411
2582
4300
4910
2073
9950
1355
2310
7173
158
1422
2933
3726
971
1167
7664
9892
7768
7183
668
1304
5941
8227
6413
3067
518
4025
7417
4632
8875
5160
7128
989
3521
8421
4891
4980
2708
7474
9862
7585
1551
7505
2715
8500
8482
2134
8739
4302
8271
4874
9484
7888
8305
1020
6458
3262
8345
146
2939
2883
7718
9117
3788
7918
9296
6874
3697
9306
3457
7477
725
6380
289
456
5454
7365
445
8049
1579
4952
3091
8450
3982
2821
6573
4258
5632
4227
6263
3233
3781
7996
6367
6744
221
6162
8648
7839
3380
3679
7354
4056
4759
7675
4489
4888
4083
8295
3249
1830
2636
7670
3531
4652
9110
2251
8047
2299
4596
4396
3462
1115
1147
3670
8282
4799
3073
2779
6700
7767
4008
327
3585
2031
49
4752
6875
5157
1278
6044
2832
3192
5961
7852
3289
1051
1226
6437
4057
4777
9993
8191
5240
8067
9872
2615
8155
2437
1340
1439
6433
4838
1712
7414
5276
8366
3718
1314
4346
7010
4643
360
2176
571
7734
9134
1170
8436
957
4329
2849
6434
7203
3744
5217
1550
7882
3649
1766
478
3233
5297
971
450
4594
8479
8030
7257
5531
8306
9163
3796
7718
2033
6340
8850
40
1345
9290
9691
4834
8729
1882
2792
5719
4417
71
6047
8043
5801
6191
5885
1444
886
269
2572
8177
9863
8683
3748
6227
6534
6402
4462
9019
5081
9584
4851
4770
5912
9172
4035
6447
8602
5848
8113
297
5944
6988
6091
5065
4051
9355
2776
6490
5089
5788
4570
2368
6866
6215
7828
1218
8369
7618
7877
2310
5030
168
5921
8408
7848
9573
8448
1894
6431
464
4736
3787
4776
6228
9222
5734
4770
5469
402
5750
7590
6044
6576
9860
595
295
4347
9149
4423
5248
8940
315
7913
8992
1696
7887
9779
7856
1879
9357
14
212
7273
7507
9221
1940
2467
5959
9036
3337
8735
9773
6409
4608
2450
7794
32
2797
4366
280
6620
8752
5608
6142
6185
3213
1796
1098
671
8378
1228
4598
3897
106
5487
6117
36
9968
8070
7504
6707
5139
899
1442
3503
6285
3890
6268
3835
6015
7729
7029
5157
5957
5820
5314
9001
7345
6561
110
2944
2663
9986
9894
2421
7620
6744
852
1912
5548
9909
1653
3788
9967
7794
1593
6155
2087
2711
3895
9129
3968
7065
2586
7525
5332
9933
8220
4940
3810
1963
5518
9816
1178
9597
2417
7942
4184
535
4564
6309
2715
3617
8794
3258
4065
2272
7367
8433
3329
4035
8311
1918
3924
3960
4251
7649
5216
6702
6945
9927
147
4854
8910
109
2313
9011
5099
9712
489
2704
8762
2480
5362
3072
5875
8243
3246
7393
783
3845
880
9418
3600
9885
1023
5619
9563
7083
3039
2884
6035
5822
9320
5094
115
8674
2005
5061
728
8886
3116
9991
697
9708
8117
8566
8020
4185
5528
4105
4518
6300
1639
7249
8342
4123
3238
7343
7982
2809
4323
9219
7655
6916
1157
8015
7153
2523
6117
6457
1100
541
6867
6848
8677
5165
8999
4166
5184
9713
9605
6780
1551
9561
3948
6715
1388
6892
9307
9134
6297
606
2496
845
3505
3455
5935
2821
4490
1645
2507
1427
3994
3577
6532
1759
3907
2855
6365
2181
5805
975
7304
8990
9310
416
97
2701
4616
7364
3364
1782
4047
2319
3083
8697
3701
7649
1112
3212
4132
9163
4908
8022
744
3166
6241
6776
9607
6415
6682
7750
4541
3846
6213
8083
6744
9398
8714
5195
6109
695
6308
8825
5509
4239
4104
8025
2551
4831
9142
6648
9475
4425
4747
2551
3384
9200
16
79
3011
4887
6723
6894
6070
8668
2785
6351
480
3454
1548
9496
8558
7784
1038
8941
1694
8306
2747
2498
9403
1693
7484
4893
5642
8012
6525
1738
3216
114
3556
936
9246
9526
2812
3744
1210
8259
190
4646
5675
2524
4715
1065
5392
2957
8905
8804
1486
5500
4599
7191
981
4254
766
9551
7181
742
9382
1937
2722
6233
1810
1335
5241
8973
7321
3121
3566
7648
2882
9885
6892
6308
4219
1169
1992
1384
2966
1780
8458
1106
6321
7148
552
2792
7728
9011
1297
6365
7625
3971
5251
8489
3196
4480
9306
7490
333
7701
390
2486
9679
8518
4615
219
7823
1636
8408
781
458
5200
3989
2038
3708
375
3178
2029
3142
2011
201
2709
2043
3250
5223
5029
8663
7255
612
488
3149
9583
1254
939
731
4966
2609
9892
9436
408
1637
1090
6666
7243
531
4415
5085
857
493
177
6277
9100
6426
288
4640
1746
1634
8355
3880
5088
7164
6755
2364
1987
4466
737
7593
7777
93
5699
7013
9022
339
2889
6233
4171
8601
350
7128
6024
6166
8522
3392
2602
7127
196
635
1736
5736
597
3426
5247
1797
3528
6735
8054
8718
525
5422
5212
6528
6765
7568
5373
5462
1095
347
2563
9323
7705
4385
8824
8058
9979
6906
4218
6756
6741
4705
7736
3773
1088
5417
7945
9364
3658
9210
1532
8701
7315
4508
441
4861
4036
3934
4742
6017
224
548
9206
2460
3651
2171
6941
1179
5495
5769
5038
5334
3013
838
1973
7541
1000
6369
592
3020
4685
7969
6456
4197
2823
3113
8061
5624
6511
8518
7056
1706
6568
5576
1530
4592
5776
3850
3929
1822
5651
8848
7660
3888
7562
6557
8995
9187
7824
2718
5145
8737
7301
2759
6830
5016
8492
6935
5501
9366
1103
7978
3356
1636
6658
3083
5554
2779
1477
804
5603
2487
227
7764
582
2918
6695
6987
4759
2765
6670
949
7785
6344
1255
2944
1779
5644
4119
1644
3163
6411
138
8543
2961
7058
9811
5330
2626
1074
1237
4891
3869
9866
5674
6391
3073
9917
9776
7876
5669
149
4228
1544
7090
8788
4166
2610
571
5859
4220
2043
4877
1305
8019
9432
7137
8441
607
559
2862
3465
9380
1716
4875
3498
8669
1567
4082
6953
5562
3051
7632
65
2391
6957
8201
5098
1430
1967
4057
8226
4223
8888
9781
6358
6334
7978
1696
1150
6394
7544
5354
3315
470
4626
7314
5853
6753
6814
1484
3917
5992
1653
1421
8643
8874
8935
67
8989
1868
6764
8818
7101
9123
1400
8169
3510
8271
5433
7875
6275
4728
1216
5210
2756
4944
1402
565
1061
6807
6458
98
1709
3038
8981
4399
6864
7619
810
4082
7393
7979
4812
5705
7208
9134
7421
2412
3532
1339
9064
5774
1965
2188
523
4658
2352
7813
1552
9225
4264
630
1814
5450
1085
5584
9825
8555
3996
9844
5370
4876
9227
183
5108
3107
9143
3330
6573
9137
8972
7637
9533
8788
9904
3947
2910
6390
4364
121
7239
7602
5144
9281
1287
4406
6034
1123
9867
3012
8859
2994
6876
1667
2318
5668
5016
5427
9982
7459
7403
4606
7131
9730
3609
9785
6752
377
6427
6378
620
6177
6708
4243
1003
7227
3615
6156
9168
1386
2407
7567
8849
4929
4194
7181
5039
2983
6395
4398
2577
7991
9291
5926
2316
5828
8531
1794
9921
9690
4824
818
6947
15
3099
1713
9555
2569
436
3711
4346
7945
9514
9631
1378
6005
1474
8892
7985
4067
7906
327
9011
1264
8481
5468
5300
6113
1693
5971
4663
4913
7559
9842
325
8458
5759
1119
5861
7871
2808
5746
7668
9173
248
3145
1314
6401
3839
4310
1177
9196
4497
8755
6522
4292
6977
2070
3941
5532
219
2191
3605
2436
94
9822
4359
4339
3301
5537
3445
8144
7185
5323
1235
8112
3317
2785
3412
6746
6845
2110
490
2199
363
5286
152
661
2735
8951
5606
8682
6691
1515
9489
5701
3568
2442
2060
2688
1041
6173
6839
9314
3458
5293
8794
7937
5044
8250
4526
1284
2720
135
8664
4806
4501
9475
9763
7143
8384
1251
3321
1293
9335
5866
6701
8713
3938
5194
2360
7076
4646
3076
1967
4775
6095
6940
637
6681
1770
4792
2562
2579
9676
1015
5543
7760
6083
2302
7421
2832
3815
1229
6562
4492
6619
6753
1423
1987
8614
3106
7712
6211
5465
3069
2544
6084
7357
3548
1201
7550
2970
9232
5221
1466
1398
7345
1949
8342
7960
4588
4555
3314
8248
8363
4021
376
9829
9443
2457
8185
3506
8247
4343
6113
6654
1273
7840
3500
7246
9905
3209
4979
1513
454
9132
5711
6080
9081
1963
3598
4457
8049
7729
4802
759
5472
9927
4838
5575
6181
3376
7613
2152
1403
7250
771
2744
5391
9281
1733
5544
8495
58
3564
1115
8093
7817
388
2944
498
6023
1051
9993
5408
2291
2356
7448
560
2476
1707
8997
1210
9816
8820
1486
7891
5268
7436
3660
8049
185
9873
5037
7161
3671
4509
3508
9353
5601
621
3705
2066
7012
6865
6718
9629
6533
8876
847
8335
8518
6010
6901
1191
9157
9873
9815
3780
754
3105
3117
2835
5274
6661
1555
2517
8020
3995
9287
5776
1160
3216
1519
9180
4455
7860
2713
1262
9131
6557
3137
1089
8476
9384
1576
5664
635
8506
7783
2464
8399
1172
6881
3002
3321
8997
1421
6582
4470
8249
4824
19
8898
2527
1238
1220
771
4617
3937
3012
4393
1693
4304
8314
1279
2840
8213
8311
4318
1057
2371
844
5135
2795
9049
8313
1339
5781
9360
241
5361
3244
3677
6249
8082
8880
2675
4766
5629
8435
7672
1622
9842
1934
8834
4862
4821
4382
5694
6387
514
2987
349
1389
8231
3961
6444
4565
1074
2296
8414
1560
487
4614
4184
7699
5342
277
9640
2670
8712
2086
4995
6021
9852
2436
1674
1361
210
4926
984
8358
8858
76
6539
1781
6234
4563
1836
1378
1523
5331
5725
3760
878
7869
1438
680
329
6658
4699
3512
7064
9959
1238
1848
4313
821
4620
7767
6936
9885
1495
7828
3372
2008
576
7882
9996
4940
6222
1587
4690
3434
9503
4397
874
7748
5570
5753
7446
2045
2527
5152
2482
5513
5460
480
2414
67
5757
7413
3614
3773
6446
2851
3546
9474
6720
1566
3714
3480
5478
796
4658
609
8090
9603
7502
5168
5225
1581
5338
3688
7096
7850
9017
3664
4274
9844
5104
9283
2703
7709
9749
1173
2562
820
4105
1775
6767
2567
4416
8171
4983
4067
1673
5147
9393
5078
46
7908
4647
5253
9738
4648
6522
3114
6065
3185
3731
9734
3601
7001
9992
4180
6611
5430
6998
4045
4446
7939
1281
6392
4040
6378
8758
745
4122
4606
2408
9306
2319
8884
3247
568
1240
2433
5514
9540
9679
3086
7452
794
7542
4233
3898
3854
6428
5478
16
7250
3099
2930
2299
5172
5377
9512
7510
2100
8232
5100
1828
948
532
7220
7846
6440
1977
7415
3466
3436
6631
5501
6337
3429
8099
7222
7627
6447
6211
9448
7585
3174
6469
2784
8815
9057
6252
5113
5532
616
2968
6618
7431
3734
3058
3257
1984
7033
4513
7309
7584
1846
2363
4178
8294
8474
8156
9014
2318
4092
7084
992
3872
3630
1648
5776
9155
1730
6511
8161
2172
1144
2639
4539
215
3781
7548
950
3312
8256
452
8728
4351
4951
1570
7839
7662
9694
2052
8139
984
6151
9179
5106
1631
5949
1616
4279
8954
682
5950
7221
2153
2089
6463
5413
8839
4534
9942
559
1707
9617
3158
2092
1435
7217
5357
6330
61
7221
9425
3290
1915
2454
5686
1251
3555
1240
4648
8185
4136
927
8811
760
4808
1838
1389
7866
3627
3051
5429
5080
9109
7983
186
1725
7944
7929
6578
7030
7065
4450
630
5110
8797
4443
9758
9494
591
2626
8814
5370
4097
5220
3708
5470
7821
9004
9981
7903
9943
3930
348
6022
7377
4814
6182
255
9706
5875
7157
9720
1572
1418
2614
4917
160
1099
9641
5024
8377
3408
7845
7245
3401
9485
1861
4764
5292
9799
6147
280
5599
5637
4159
5756
5044
9892
7245
4549
2901
6244
5464
7811
1379
3520
4487
6889
1898
4539
3002
9203
5362
4389
1280
5127
8405
3934
4537
2101
4776
9905
6883
3192
3992
4353
6131
1790
450
3922
4946
6900
830
6142
978
9099
9673
6584
3531
3543
4654
9565
9478
1701
7985
8294
8693
8044
3208
7498
5037
8957
4181
1857
8081
6469
196
8339
1148
8689
2702
3998
4522
5040
7272
9623
7348
180
5611
1063
8215
1970
2384
3719
7968
9290
6712
5239
5478
1232
2293
3495
9059
6680
7641
3257
128
8481
8457
1821
109
5432
1725
7116
4474
6333
2983
6737
868
6610
8173
8801
9887
9712
1333
5867
2956
6532
3724
5291
8136
3495
5330
4824
9618
3115
2054
4029
6630
8321
7098
2933
9578
423
1795
1007
5876
6462
6079
1281
54
3210
1858
4457
5927
3155
8287
1647
5583
3145
6752
7494
4767
3364
1363
6881
3851
2985
33
3698
1973
9528
8347
6574
615
5714
9443
332
3917
6761
9076
5276
8861
5519
2143
9508
7939
6640
5604
9334
9277
5132
7385
6925
6943
9532
570
6
9108
8582
3389
7692
9315
9900
5840
507
1194
6862
3906
182
8329
3200
6298
2004
9133
2342
3592
3605
583
2075
3751
7843
4600
1521
5659
4564
3020
3859
2716
5051
7153
2327
6671
6382
114
7439
3134
6386
3460
1182
9363
7650
1452
2391
4294
511
3978
2145
5024
2161
9911
8440
3324
7180
9607
1485
2505
9790
2954
4877
7758
8484
9525
5167
4075
8556
2327
3334
967
3878
2699
3526
1483
8004
5194
1828
1675
7712
4025
2310
3692
6700
2342
7338
4583
8180
9403
2339
8616
5568
7261
7517
3955
6965
7380
2258
9924
3164
1910
1893
5537
1738
9250
2219
3870
9870
6566
6313
5613
8186
142
5065
4752
5209
5978
3718
9164
3758
4874
6983
9404
3677
1944
4409
3679
6995
5186
7188
4415
9135
3923
1151
4447
916
2254
8736
704
4087
9286
1340
6816
6307
4316
8972
559
9596
5125
9120
255
3232
2375
589
2600
1689
6753
4083
5782
3088
2549
8074
7392
9707
6002
4218
3925
5543
2578
1449
5636
3313
1372
8062
6696
6862
8887
1573
8094
7866
2701
7388
357
7069
8119
9306
1137
6218
5754
9935
2956
3601
3534
8551
1162
2244
5079
4808
4407
8791
7698
4746
6879
7200
9630
6166
4777
1662
7716
6759
673
1510
436
2782
6689
1193
8941
9153
2315
9921
5705
4339
1061
8986
5075
6991
7570
5261
4710
4334
6569
2840
3875
5864
7604
217
6478
5623
7351
1945
6390
8710
491
7622
6831
7033
8646
3480
7758
3287
6713
1957
5920
2561
7094
6623
2743
6966
8699
8123
114
8847
9376
4654
3928
3574
5368
6656
1905
5396
2855
9458
849
4215
2881
9867
5746
8802
4667
3454
2701
4990
7984
2183
2292
2655
4658
3493
9375
4177
3723
7122
1121
8353
1278
1404
5014
7160
3071
2072
4123
8338
5660
637
4234
7901
327
539
2737
6541
9505
8767
5406
9852
3332
2462
7273
1631
7948
5550
7422
1795
6548
580
2821
6790
3433
9816
240
83
6237
4614
3456
6677
1178
4877
8245
444
80
8762
2848
1054
7149
5695
7702
6372
3928
9004
9539
7605
3370
3999
4024
8753
554
6696
2372
5459
5124
565
5690
2985
6549
9133
6820
864
4789
4136
5684
1449
4241
5179
6275
9704
500
5602
6376
9531
8721
8165
4214
1751
9536
3677
8994
8205
5074
1344
5264
636
7683
7671
1289
7745
1452
3889
2731
6441
3969
9329
1165
4359
8029
1043
9005
320
8568
7180
6345
2659
5475
5054
8054
2695
6784
1034
4704
7997
5312
9440
5854
2869
3194
7282
5313
8156
2021
7336
1369
2370
3299
7116
3684
762
6874
9189
8628
266
4095
3713
9324
514
6145
8411
5319
3434
9680
1660
6868
484
5768
8157
2082
6817
7230
8875
7204
8960
421
4787
6114
96
8077
5373
3020
2006
8857
1302
5243
8042
5852
3541
3477
9708
3952
6415
9548
2452
3490
6325
69
8823
1693
3691
4320
7237
4609
2196
1337
2319
6576
4233
4729
8663
7301
1752
3417
6560
7057
6937
2821
6404
547
5420
9513
1283
7619
8766
3195
2889
9996
7515
5108
6265
9588
829
4764
229
1769
6498
17
8176
3609
8379
132
5018
2414
4449
8256
6698
8052
1667
263
8011
3065
9786
9643
653
7184
7933
8694
1324
6465
16
2871
6510
1008
535
4730
3205
1337
3881
1090
8404
9541
6784
8101
4159
9068
5372
3076
1627
6679
3335
5734
5300
7120
4099
8400
493
3449
7488
915
2722
9365
6458
3665
2474
951
5742
4125
4712
8853
4797
8303
2145
8952
4218
5521
1624
2899
8093
3114
2756
5198
1082
4212
8291
3438
9499
8075
9368
5362
4202
9412
7007
9356
5147
5767
7058
6026
1766
1659
3924
9681
7666
45
8458
7941
9117
973
8538
3719
904
2837
11
7756
9647
1974
396
9157
1543
608
5888
4560
2767
990
7079
4795
7321
2284
8681
1552
4674
5463
795
8193
7133
7199
7571
4593
6382
9499
8184
3725
7489
8233
163
5621
2923
6176
2034
7595
5897
3284
8603
7959
3205
309
5758
2740
7639
9797
6931
2203
2519
3380
2370
5386
1712
8298
4865
9216
2144
9728
536
7768
813
9211
5376
4063
6434
9478
3194
9235
4470
7098
605
219
1021
8093
2407
4957
3272
4501
5812
640
1000
3799
5164
398
7504
3105
9671
3477
4776
6112
4668
8587
158
286
6487
6476
7991
4363
5688
4706
1091
6231
1624
8719
9118
6442
7543
8585
3410
128
753
6050
9162
8852
1807
1539
3058
2424
9769
4037
3146
2574
5481
8572
313
8551
6491
9089
6590
7909
576
4650
4786
3022
1202
1240
7849
9040
4418
988
6408
6075
3085
7958
3168
864
3885
6620
5704
5524
571
6020
297
7632
195
8366
7682
6409
6064
1153
4764
7191
4470
1585
856
3924
3934
5209
5077
6578
1292
4682
7486
7305
7468
6304
3759
221
9867
1853
1879
6488
2706
3557
6265
921
4557
8358
9486
5112
7402
8545
1061
6084
9245
2985
5082
1899
4848
7767
8020
1798
7032
5496
8535
7167
9491
3140
5434
2976
5581
4651
9732
9001
1585
2061
2544
6732
4237
1478
5167
1305
4686
8133
7868
9873
506
2024
2890
2634
2269
230
506
6782
7403
936
1177
3872
3509
3301
2022
4332
6246
6744
305
5722
909
2160
7567
6127
1461
7252
4666
3551
1103
8385
7350
6787
9457
1297
718
3410
4584
2425
7436
4592
217
6128
1111
8944
662
9527
8567
9975
4588
6746
3716
431
8024
4417
3036
9700
2250
5139
1604
6207
6017
4392
1094
44
1894
5960
6104
2154
1669
3189
2061
8558
1990
2915
181
7444
5242
3728
4064
7060
497
8435
4847
301
1464
4773
8299
8112
2543
3718
6031
7052
7881
8190
7872
7777
4941
5394
4446
4803
2921
6270
4002
7677
758
8165
3383
287
422
9042
9701
2102
2314
7545
5800
5527
5872
8064
1231
439
5866
244
2097
6858
5402
5257
394
5222
9145
8737
9890
6243
8183
5096
79
1553
6748
5370
8177
6454
6797
4529
2411
291
6010
5215
6098
3554
8037
501
6237
4878
7997
3070
6220
8942
5400
6427
4886
4783
6559
843
5722
2397
8931
5654
6823
1438
6509
9910
6855
5404
9475
7827
4870
8045
3159
1834
9648
8897
9497
7401
2264
7271
6829
9993
8294
2539
807
5048
7784
7552
6883
5747
7001
470
7761
7292
6750
9880
429
7614
6749
6805
5149
4074
5401
9833
9635
4716
280
6616
3906
1759
8069
1990
4766
9594
7985
3462
636
4838
5253
2573
2296
6780
2690
1169
5430
1760
4425
5523
4400
756
1607
8582
6894
1050
6088
3644
6755
8875
7805
5036
3668
1725
9256
6993
771
1059
5955
1282
8458
7815
3456
9449
9412
6221
7339
7315
2549
36
5340
9347
3241
3454
809
387
7066
5993
6200
8824
3019
2697
9826
5760
2273
7028
9859
1227
8610
666
6398
147
9077
9983
8014
3290
1801
1447
3191
3487
6130
1997
9306
4172
1917
8399
5287
1870
5221
2265
301
8114
2062
9292
2317
5641
6735
8907
8413
2567
5677
7682
9096
9774
5602
8036
7858
162
6940
4287
9962
6649
9841
4814
9240
9249
4737
9211
2101
7197
2372
6766
7082
3806
274
39
4049
4282
305
9924
7608
7291
6137
8815
8324
3718
6596
1224
1921
5831
4545
1466
7751
6870
55
2300
809
824
5174
5078
7608
8948
138
2734
996
927
2377
5694
8978
7015
1771
1748
4920
9001
1130
1958
5733
3232
7967
8591
5631
3243
2971
3643
1396
2665
8311
1227
9362
5075
9091
69
1042
6502
6363
1387
4734
1723
328
1462
1540
9893
6674
4718
4946
5575
451
3065
6449
2991
9655
1503
7535
7763
9840
2853
7828
5494
3221
3054
5958
5271
9514
9322
3048
2743
91
8969
1677
3509
3011
5969
7066
5559
4281
7128
3514
9207
8601
7870
1963
3352
7057
3289
8565
339
594
5839
5819
770
2438
4650
9610
1176
7521
9915
4750
6316
7599
878
2836
9712
2765
9749
7130
7490
2836
4531
5523
7998
9600
9304
5175
7998
4416
7028
1174
1935
3173
7530
9677
3425
9469
3218
4161
8202
5625
7659
1641
9368
490
6587
5656
4290
9067
8436
3527
6057
1512
4182
3490
4416
6172
8939
2361
4597
4840
3010
5014
7787
4271
7723
9790
9045
1502
5884
560
705
5385
5870
7067
6383
4849
8023
6365
2029
2817
9124
8949
1073
3336
6787
762
3409
401
2379
3636
5314
3229
9880
6952
1163
755
3447
6306
2405
3021
7130
1755
3009
2100
1832
2553
9318
9750
9668
8646
7638
7651
616
2776
2636
5640
687
1919
6453
2402
8540
9406
8568
9348
6410
2913
9522
1732
6144
8717
8722
4895
8880
7701
9294
1021
9005
5704
6657
8591
5767
3287
8961
1861
3061
2612
5633
5260
4173
5831
7136
4116
7474
1658
3355
9344
1403
8900
6662
4967
2924
1283
4210
7495
7748
8402
6620
8777
450
9530
6882
1663
7380
7669
6275
170
1613
2701
8881
7609
354
9667
9029
3819
6674
3948
224
8357
8832
4534
7258
5696
4382
4360
8409
5641
5735
7879
2222
5484
4345
2197
1279
603
4766
8931
173
9639
1238
4568
9011
7666
4626
1930
9562
3051
7679
952
1290
2392
7452
6714
1857
9794
954
6160
8505
3930
6224
2648
9482
2890
6264
763
9516
1382
3274
8999
6486
960
946
4407
6968
2139
8336
1837
3601
3320
5757
6450
4078
3164
245
8629
6160
291
2325
3119
3689
4829
3537
184
5330
1446
1650
9122
1596
932
3611
322
1665
5641
1063
7295
4790
7320
1409
5027
2912
757
1648
1950
8047
7621
5500
5114
3451
2693
769
9754
7834
7974
495
1899
9164
9765
5995
6156
6371
4201
4678
1722
2370
9526
7224
980
5952
686
5753
8318
5321
423
8268
7392
5890
5032
9624
2542
2263
9197
6612
4419
4930
6009
9422
5158
1306
8411
9816
4575
70
3898
7263
8723
3772
6794
5513
826
7739
8192
331
2674
8945
4098
1237
8717
2106
5095
6171
469
1654
2654
8560
95
4597
2443
2209
749
1217
8908
1195
2670
2200
3370
3818
6560
7461
9226
7039
9062
2730
5443
9724
9700
1532
2314
8016
8583
7979
4440
1066
2402
3613
9294
7099
9058
8710
2399
4653
2099
6069
4251
5962
1212
7006
5005
42
1334
9951
666
6476
4234
1234
5369
1648
7271
3918
4338
9103
4771
442
2511
6760
8329
6719
2143
7224
8241
8809
3625
7141
1837
8250
2878
1783
2463
411
7047
4436
3016
6208
5806
8166
9435
4854
1544
7962
6000
9547
1455
2312
8085
3562
4766
2698
3535
4098
6982
6124
238
4739
2158
6910
910
9588
487
1656
4314
5347
3357
5883
7419
3770
2281
3472
7214
1818
1779
7343
6595
8103
1029
6398
7121
2976
9867
8244
1064
6409
4279
5609
3934
5015
1073
2060
8699
2615
731
6848
4656
6091
6994
9332
8258
2834
9792
2046
9477
7907
9119
2387
5347
5206
7512
8709
3356
9423
6057
5562
6951
7239
8245
6789
7382
6409
3766
4435
4871
438
9293
995
887
5574
5802
1267
4530
8700
3607
9764
2453
7508
8526
2025
2405
2571
9516
8545
5800
5099
7757
1439
4384
5298
118
6786
4760
9166
3969
7910
3047
2711
5891
7302
9762
6297
3706
571
8798
1116
2258
4342
5571
5554
8263
9190
8988
6940
2196
2647
3402
3833
8778
7047
7928
9132
4908
3110
4522
6713
6775
9194
6207
8445
8719
539
2261
5975
4821
8241
107
5990
7732
6553
2689
8768
8843
6622
7388
2299
7461
9226
6887
9356
9268
1368
6803
6763
492
3716
8222
1007
4507
2146
8497
2091
5062
8504
8804
9492
5167
9785
7548
4942
5395
1007
7381
7794
7503
628
2746
7102
4899
477
4689
1993
4815
4308
3508
8657
7466
1072
6762
1555
9009
2851
5140
4710
6108
1920
1363
1125
4492
119
9526
1687
8289
8078
2193
6749
7544
4749
186
3015
2418
806
7517
8035
7391
1600
6224
5875
521
4751
960
5482
2430
5505
2378
2994
2517
3799
4982
3069
2865
206
29
855
4691
665
5739
3780
1417
6909
7503
555
4773
8120
8768
4830
9401
9519
9130
4005
6814
3299
486
3030
4548
8111
3639
8788
4196
9953
3489
3169
6561
786
6820
4576
9100
9524
6470
4332
9511
935
4974
9774
2881
4616
6268
9375
7808
8550
5687
2395
8685
7474
6175
9646
4825
754
1280
4574
6238
2610
6376
4612
7776
6905
6895
8680
4850
8851
5093
9192
1861
7104
8826
8772
890
1320
1767
8969
7593
5113
6186
3769
6074
7343
2590
787
7345
2862
889
9589
3655
7071
8111
9290
4579
9525
6307
6785
2727
8538
3806
1596
3671
1515
9256
2801
388
5901
3507
7393
9062
8587
24
7250
1401
621
2905
6844
606
6694
9285
7308
7683
6746
8618
2184
9149
8890
1972
2112
3920
9518
2276
6285
4705
3678
8332
8361
8851
7884
3846
9242
1661
8161
7780
828
6973
419
4275
2666
7382
639
7913
2617
6421
3257
7005
9409
1794
3086
7845
7193
49
4834
3146
4094
1543
4682
7977
6128
9690
2408
899
4505
3522
1455
2483
6410
268
4210
1631
4499
365
2381
744
6703
8802
8431
3884
5530
2310
3875
251
1296
2798
6506
7126
4852
1950
8054
7843
7929
9246
8005
8749
7648
7511
6488
3513
7023
9848
2223
6691
586
7877
2003
8519
4465
1006
8656
4107
1830
7118
4093
5817
8457
2522
1770
7467
2978
7513
3204
4079
2554
2675
87
1818
6822
4786
3665
9561
1072
229
5167
8082
2820
4436
3894
2089
469
925
8432
9038
6426
4685
2194
9508
9704
5642
7814
8621
6924
9341
1433
4464
4789
2317
8322
3197
2284
5782
2990
3415
1570
9961
549
6560
4772
557
7770
7507
2813
4003
8036
4650
5464
7543
7652
4319
9409
8994
1426
6176
9559
140
3592
3499
5871
2127
5387
7145
9416
5063
2930
5800
4183
9590
1044
657
5359
8228
1202
1976
7566
9955
6862
7393
9815
2720
2455
7423
4887
390
7954
8135
4966
4892
2183
5620
9997
1887
3125
8260
5422
1850
7346
5504
4852
2033
6866
1753
4296
5630
7619
8029
5453
8978
6164
3192
952
9581
7104
7975
4848
6137
9771
3016
6318
4257
2407
254
1297
1119
7379
4801
8033
2514
545
4098
7037
6350
7475
6059
3187
9406
7697
7621
3692
9780
2185
7731
3282
3377
931
8668
2718
992
4048
7398
6514
4685
9423
7710
6880
3732
6587
7876
6021
8755
9333
6946
5014
1217
5529
2381
6645
7944
2447
8917
224
8045
5857
2695
1062
9857
6932
6241
4358
7088
5445
1237
6119
3158
4545
551
2222
481
5392
1009
7119
2338
2240
5974
4915
45
1002
8546
8097
3152
9826
2176
6605
241
3840
3302
954
1935
6326
6555
6189
570
9998
873
6079
4975
1298
1214
7903
6748
2151
1100
9634
914
1414
3439
871
7559
5768
9150
1036
6891
8446
4683
8694
5283
2474
6262
7281
4721
7630
7806
5685
3701
3919
9670
8561
6172
5013
6054
3414
839
2146
9768
7826
1351
9676
2755
6328
2611
1065
3734
3193
9420
7510
3834
3441
7768
6724
7257
9264
1658
6400
1005
7011
67
4413
1888
4318
4402
4031
6579
7721
8551
1175
6091
36
1445
9414
9494
8440
4213
5424
6268
7100
3575
5743
5616
625
2836
4737
6148
154
2671
3135
1308
1723
666
3642
5132
8317
2676
804
6171
8651
8256
4024
1480
1516
3601
3944
6731
5069
8401
7361
6021
6154
9073
4653
6785
9753
5178
4692
9820
916
723
4560
2960
7185
3228
2956
492
1759
7926
3783
2096
8223
3061
9547
7843
13
4190
9637
8695
6617
1962
1120
9733
5430
1597
9843
3250
9343
6160
8211
4627
9585
9434
1174
621
5721
8637
1078
4917
1546
1485
9085
9494
9386
6331
4275
3297
7819
4064
770
9694
2225
7813
946
576
1525
9311
1382
391
8517
7784
3217
1903
7877
2760
8310
1478
2294
3427
7148
3163
8849
8971
5770
7010
4353
4278
868
5748
2106
1915
3122
3107
1882
8310
3818
9370
8090
1451
7497
8643
5456
2887
9843
5763
6997
3970
2516
4688
4686
176
4082
82
6873
8455
9954
1559
6918
26
1459
4033
4431
2436
1242
378
4518
8193
9771
6232
4041
5286
977
4667
2884
7713
6603
450
7172
2907
4964
7134
435
6825
3132
3439
4213
3426
4296
7578
6382
8395
9474
4092
286
5566
942
760
2154
3833
6219
3532
1927
7731
2674
2370
8517
4361
559
6210
4631
9975
4905
37
7227
8354
7007
6116
4570
5937
2800
4462
8285
4044
9879
2825
7001
8653
7090
4832
5433
5636
669
9291
6391
6406
6640
333
7015
9141
5986
6582
6640
2874
7319
2824
40
7375
5005
9798
2059
6313
5456
7544
1207
5747
9909
5100
9815
8886
3113
4183
4265
6740
2038
121
6318
4404
1550
4623
7966
7271
5143
5169
1414
57
9668
2443
7023
6275
4956
1690
5708
4910
1834
9148
384
6722
4448
6681
2633
4860
392
3921
5389
7709
1304
11
3423
8015
1057
9773
3358
9844
2964
7353
667
5175
7554
8996
6036
1795
4463
8114
6722
1266
7234
2237
91
8397
4604
2069
6149
8547
9234
8769
4104
3749
4280
5011
7359
6542
3948
7034
9451
4303
4909
1601
8675
1768
2886
5861
2491
3043
7066
1155
3168
2603
9677
6848
6622
3882
8349
4610
8766
9103
1628
9979
4688
7086
2091
119
8081
3986
5124
8907
1656
8254
4020
1133
8706
6369
5667
1682
2328
3703
5954
418
2843
3484
5791
56
3548
7563
5992
3413
7577
4245
2874
7717
6855
1886
5396
1241
5673
8369
1917
947
4763
3011
6687
6001
413
2661
1934
7664
2895
6867
8937
4177
9910
9161
4716
7785
8392
2661
6079
1587
3097
4536
9455
3440
8211
6087
4567
175
1083
222
3803
9031
758
5075
3136
3888
9192
4056
1547
9554
9652
2170
6389
6470
7141
9271
7383
4745
4551
4780
2360
334
8643
6060
8624
4930
6262
3069
7384
1019
2429
3165
2993
4714
8222
4642
29
1200
7318
30
7661
9405
9019
1905
8680
51
6269
7097
3813
5257
846
4484
7526
8972
1578
7766
1393
1311
6549
8486
8780
7027
8688
4610
9363
2401
392
2979
2633
4628
6235
1004
7001
1077
3527
7676
6584
702
417
5411
2010
3167
783
9392
2733
4447
4611
7321
69
6250
8452
436
7413
2281
7082
5842
2487
6496
6550
5772
3432
8672
4268
6853
8163
237
7454
1439
6584
3754
4646
713
3241
7103
6063
1654
5537
1245
7328
697
6369
5624
7111
4940
7001
2179
6894
9520
3663
6714
7501
3695
4911
5272
9004
6669
7887
9737
5826
4381
6445
1962
3039
400
9735
1293
9538
6008
4551
920
3064
1082
2313
652
322
9218
698
9684
8865
1025
3040
6084
8017
8017
7008
336
5231
4169
5488
4078
7560
5595
9337
6548
1328
2795
7816
2555
3484
3915
6289
4598
9644
705
6288
2795
5192
7562
9422
3775
7382
4519
5917
6161
6198
5061
3217
7916
5658
7740
666
4784
3604
1421
1873
2283
8638
6590
5343
144
9089
2050
373
5225
2898
5633
5419
7769
5183
7719
8761
3930
7298
1096
5083
469
8735
545
4180
8449
4480
8970
2179
2978
4875
5399
2458
4802
6652
2206
1
6350
7604
3219
1510
1847
1086
1598
4990
8489
554
814
8749
1256
7192
695
9502
9621
9570
3463
6159
177
9142
2295
8124
2873
607
5245
1783
7503
607
8781
6481
5369
3659
9744
4552
4450
5043
3741
4172
7263
4732
5427
1423
6477
4556
2457
9161
6549
3505
7148
9829
3697
7775
3816
5212
9752
1780
3266
2700
2421
2298
6050
6276
2934
9288
5758
6079
9200
9125
4673
7050
3264
7610
6026
2180
3756
131
7905
8849
3416
6866
6356
6651
3333
1999
1360
3285
7924
8864
3675
5885
9752
6673
5358
958
3257
4721
1840
1887
5876
9625
4574
7932
9119
2057
6630
5135
3259
7808
5395
4570
5811
9463
5043
9219
7041
9051
4659
8012
7760
3558
8876
6766
4188
1385
6391
8067
4165
1640
3148
3837
7586
9650
8792
4917
209
9243
7757
7011
7533
39
8211
9831
4153
5366
8412
947
7737
9399
3941
8709
2705
266
3593
7172
708
6277
5056
2246
1182
1442
5428
7883
8221
5812
9236
7626
7546
3541
481
1254
406
6109
4869
3501
4271
1457
7412
7965
7746
4373
523
8915
6186
7231
549
4722
2726
8538
9645
4524
1689
4083
4397
1599
2059
2324
9621
479
653
9755
4727
6204
7002
8614
3070
6720
5065
7501
335
6711
894
1307
8520
1291
9568
4443
5062
1531
6853
6971
5458
4952
7210
7455
4891
4636
6639
7973
5455
3783
3087
3697
1842
9847
9789
5509
5858
563
8985
7518
4033
6436
5154
5853
2209
6897
6230
7680
2942
3237
8261
5453
4180
4335
4708
9114
4322
4086
3197
5788
4230
9431
9843
9563
6120
3101
2227
5902
7779
747
9734
8200
477
9288
1043
2750
4504
8920
337
1219
5425
7459
4554
1859
9702
3909
5196
5832
9429
3857
4025
2876
3999
9938
3758
2540
4939
3440
1968
3173
5959
7803
8050
1470
5641
5192
2323
7426
7443
1733
8213
4664
6597
5290
6456
8193
3421
6685
8645
8205
169
7874
4679
8490
4861
1966
7315
9978
1632
4230
8136
7247
7649
9705
8497
2070
6423
9830
1656
510
6485
5211
6981
5859
5133
3036
6195
9580
6795
5116
4324
4029
9602
8235
411
7673
8836
6957
3575
2247
3323
5346
9919
672
1621
2535
9752
4819
6380
9320
9492
597
5059
7088
8645
5224
4764
7119
9055
4583
4326
3942
8380
3083
3620
1794
1913
2189
3593
4371
6157
6073
3247
5848
5593
1963
8872
7513
347
6088
3835
7857
3197
2508
5632
4341
4138
6043
5543
1925
1681
8982
145
303
7794
685
322
5338
8933
4331
6319
3797
5514
2706
8994
5244
3802
4516
9868
7700
5341
1179
1754
6645
3189
2037
3728
2497
9160
4416
3825
3396
8139
5214
7729
9034
3337
4405
5586
7
2387
3542
3338
6135
5201
3287
2518
6803
4327
7503
168
8348
2914
494
2571
5800
3906
4439
2119
8550
5394
3403
7520
4879
8146
9170
2409
635
4310
2392
5574
9853
6103
9443
1631
5421
9975
1756
7840
272
8402
321
5405
1525
0
7158
4787
4830
7062
7508
5258
9097
6348
2239
5590
3178
7642
2535
6877
6312
7004
7563
9091
9633
8821
1316
688
2426
1055
3062
1460
7718
4880
8206
881
3442
2552
3303
4646
6091
2567
160
6588
3853
9388
7858
1880
3098
583
9648
4081
6627
8464
9616
5932
4853
5009
6832
4387
787
4158
8102
5045
6891
3237
585
1463
7944
7440
2390
8503
2228
2680
3983
5153
2616
4275
1606
9546
5137
9438
8274
5002
6160
2086
8588
487
2943
8639
7097
8732
9371
2936
5731
8008
3922
1478
1286
7155
7978
2620
4788
9468
7532
6524
5558
5213
3019
9672
32
7104
6965
2433
304
8283
1909
4993
9747
2406
6674
243
6483
5965
5415
2352
5136
4241
7456
5477
2554
2377
6190
1759
2104
8375
2343
7721
9993
4085
6333
9788
8981
8733
6281
6677
2590
2040
4980
901
24
7806
466
706
5138
1724
5659
2058
5281
1444
9159
8631
8216
94
2421
7966
7461
1741
553
8034
6170
8524
5808
7238
9175
1606
5697
8975
3377
1173
9553
1927
9441
5779
8947
5502
5323
3276
4730
5243
9321
149
2140
4705
6884
7077
3990
6556
7231
2161
966
7659
7680
278
1305
6855
2283
8415
9825
753
7788
8615
1618
1419
7713
4616
9465
268
4082
9730
5049
999
8654
615
5748
293
7139
115
2995
5982
6969
5817
8114
583
6524
1000
123
4902
229
572
4381
8801
3508
2209
8489
4788
3147
4979
6600
5873
7034
2513
332
1217
4898
3199
5442
7529
9096
9018
5329
7800
5145
535
9762
8476
5908
1861
331
53
3353
1073
330
7409
1996
9047
1882
1366
1189
4790
757
2111
9447
7821
7095
3022
442
2945
4714
8287
7016
1392
4963
8445
4721
16
7384
3293
4172
2529
5021
5304
8042
5457
4506
9031
3288
2734
8938
8855
5377
950
8883
907
1949
3802
4221
1953
2331
353
880
4173
1942
4201
8174
1937
647
504
8874
7470
502
5664
820
4372
2270
5009
3395
8229
9293
1753
445
6904
6884
5478
5366
1786
5409
6188
7826
8798
6727
5426
6825
1525
6327
6279
8454
4265
2493
9970
571
4595
9913
2663
9093
7117
8024
2645
6344
2257
5134
1708
4311
1536
2946
6844
722
3198
5047
9480
5948
8251
9299
1546
1079
445
7742
5632
414
6936
9480
5156
2335
4144
4582
6809
580
9590
6107
225
1677
1277
6160
4075
9883
4096
4816
2762
4923
1533
1826
3873
8653
9321
3475
1803
2784
9783
3631
4279
6268
7748
9580
5712
9371
1161
1763
2954
2596
275
5948
8424
5078
5343
1366
8827
7518
1055
832
4661
1221
1513
6726
9628
4201
287
1915
8682
7942
7913
7983
9520
6705
8702
2893
8907
1553
5538
2516
2031
746
1897
6960
1679
2759
9002
9652
3567
756
222
4550
1857
1093
6984
9592
4347
2518
8095
4910
794
5967
1222
7153
1936
4356
6812
3695
7784
7623
2463
6188
1147
6714
364
1257
2170
6773
81
2495
1131
1984
4164
2584
3618
1310
7548
3563
1348
5654
5133
7538
2961
6447
3105
6665
5210
2583
6514
1221
5421
1600
8948
7487
2978
7863
7391
636
2397
4291
8810
8506
7348
7063
5315
8313
2827
499
9371
5027
7419
3677
2222
8201
3345
3624
5152
8108
6338
5918
9427
6421
5212
288
2469
5650
3576
7510
1207
3149
6796
1732
2872
4538
6189
3436
8543
2604
9425
5002
6296
917
7890
7553
7077
3225
7583
3807
5046
8894
3197
5839
9508
2034
4682
5707
3670
2680
2178
523
4583
3808
2074
7326
95
9490
9802
6260
5293
5943
5320
6919
3238
2468
5695
9332
5479
5540
8079
4137
5031
225
6829
2764
2712
4047
6139
3333
7788
5317
4835
4313
1891
425
2812
3237
5315
6422
5935
9907
9633
3788
3668
7932
4619
7269
4213
4746
3320
8608
7716
2393
743
3339
8648
2457
7588
2833
5443
4194
2713
2558
47
7733
9713
8171
6726
5051
6631
1147
113
2893
2494
769
1512
9790
8586
9531
200
4873
6763
4303
4019
1810
2234
9488
3042
6764
4843
3901
3973
71
9426
1494
106
7251
1187
1980
5196
9077
4897
884
4387
8181
2968
1624
7609
8674
1687
5947
4413
1267
5172
7926
3265
714
1843
7251
6781
6167
2434
3733
4118
791
955
4930
793
4678
4733
4831
2641
1592
8132
4806
7193
5968
7108
7334
4556
4587
6757
2471
3127
9100
2152
1769
6927
5141
3448
1832
2079
4798
5980
5246
794
4629
8169
149
7599
2995
1924
9415
7387
9415
5524
8292
5192
4673
9190
6367
2450
4509
1130
4934
8170
5657
171
2028
7012
5461
6540
5204
9963
791
9294
1980
6357
1623
5982
5812
8545
3854
9851
1225
6908
6214
5413
8259
9042
8877
1297
4503
5106
5036
9001
9625
5275
9534
6128
5346
7490
6944
8163
6474
4726
1092
4699
9203
8026
2817
8160
1762
9057
1290
7111
3946
7273
953
971
5718
8334
9112
2794
9906
8606
2684
2358
3127
8109
9791
6860
1281
7327
9720
4273
9583
7618
2441
4408
6455
6815
1477
7121
2499
6021
7116
635
9100
3317
3012
1882
4945
6797
4949
6100
7716
652
3426
3237
1297
5220
4863
50
1820
429
2691
5178
8262
8101
2219
1689
2411
1670
5656
7750
732
3072
9815
4380
8004
3958
8507
6294
7993
453
8185
1668
9760
3198
8128
6426
1965
9012
7779
6023
3046
17
6836
9587
5747
6099
990
7681
373
5252
8255
804
8368
6007
4176
9678
8790
4590
1523
5123
4049
5913
1080
9133
1212
9400
7356
7145
8670
338
8430
5070
9397
2622
6111
2734
9051
6398
326
9764
1479
7500
6541
317
7459
5661
4427
7572
5862
34
8303
2166
6845
1613
3750
372
5882
3040
1001
4582
2569
657
4854
7292
59
5561
7752
6768
6097
9468
9622
4631
7607
5428
1062
8727
6826
4678
7292
7283
2535
102
3
2913
3266
1093
8630
4268
2112
5896
6459
405
4577
6037
9804
5268
2429
7687
7460
6029
3770
8064
3603
6686
7527
7182
1182
7876
9577
7158
5718
2062
6111
1117
1235
7289
4595
1910
5596
5146
3776
9365
1638
1370
3787
1554
807
3963
1487
8201
2102
2825
7065
4847
704
9132
7212
319
6489
4090
3474
7602
6174
4953
6129
5468
1507
2978
725
5651
4414
4801
4463
4027
974
2313
8826
5773
6441
1445
3397
6870
1889
7288
4562
6603
9443
9702
699
827
2940
6428
1388
973
6615
8169
1408
6295
7175
5376
4299
5472
9598
1718
7713
5342
5464
6886
2914
3609
7047
9668
1379
9585
1019
6655
2298
5018
3646
7999
6982
7301
8521
2525
3640
5707
854
5202
3106
6562
8996
4488
4170
1906
9776
365
6906
1761
8406
4085
6200
346
3428
7839
1341
3565
9543
4160
8549
400
4981
1132
8290
3042
7302
7747
7740
3248
3471
1015
8185
6785
3708
9388
7029
5372
6890
5785
3790
9913
1518
4411
2863
6741
917
7720
7895
8735
3706
5600
6885
4655
7053
3792
4387
6135
5702
9217
9067
5937
1126
5917
3626
919
2293
5041
2816
9666
2462
2862
5841
442
8515
9114
3612
685
2382
3283
1077
6971
4806
8084
6624
9933
9370
3792
1084
7317
1741
1147
2586
2497
894
9399
5513
3610
5778
7628
2896
1209
3840
2641
4967
3496
9193
6247
5650
9958
6467
5958
8042
3876
1120
9278
3306
4749
2063
287
8307
3267
9215
708
1868
4452
2172
6586
3322
1820
5959
4927
2008
211
6566
4262
9507
5943
1797
8038
9925
9780
8551
7858
7100
8432
9165
740
8454
9427
9666
162
6955
1188
6608
4258
7382
4735
2899
4778
2049
785
2729
9808
2045
3958
8466
8544
3243
6346
2233
1420
8554
3212
2351
6973
3325
7873
1664
9720
6536
5252
4564
7100
9911
3403
6469
6680
7499
869
296
8953
3874
2335
1722
9585
4194
6598
4472
708
1089
3430
763
8123
1284
4593
9646
5867
3682
2332
7693
8832
5797
4947
460
2466
9020
4205
9521
8506
5119
3994
4975
3726
4961
3064
592
1320
5611
917
3166
8517
5579
6079
9997
2393
376
295
9833
3023
7248
5525
9400
8782
1824
3092
6572
1576
5391
6574
3704
6156
9719
8818
5915
9659
977
2177
6285
7447
7165
6761
1333
9431
7323
3049
3077
4616
2761
3459
4772
7966
601
6143
3734
600
269
5164
1593
1777
3778
5873
3486
8066
4199
226
3409
6036
4104
9998
8247
2884
8539
7781
2020
1424
2486
8807
9638
9997
4955
2520
1698
6187
8194
6239
4265
2000
4321
2046
6758
5105
3130
6940
3159
6640
9857
6477
9221
5422
8632
3571
1937
4225
8746
5646
1533
3745
5312
4622
6421
1133
1859
7114
8728
9611
6943
313
4503
2300
3903
334
7720
2621
7435
5441
4055
2570
3339
695
6474
9005
5479
8211
9776
8532
6957
5414
8997
417
3885
6595
132
1162
5476
3437
186
8753
515
3153
6706
527
572
9056
6355
9673
8265
2629
2098
9444
7241
7189
8645
212
7047
6276
8070
6224
8616
9187
1344
9074
1073
7991
1561
10
9283
8742
5467
418
2180
8379
304
8428
6027
2185
8794
7560
5864
8011
9277
6130
3629
9706
8282
2760
9117
7288
5016
6136
4576
3753
9777
776
3168
1361
8038
128
8051
4344
4080
3441
1125
1274
532
2217
785
9452
9618
8702
3564
5417
1803
520
3934
874
9292
4140
4157
5283
2667
7394
6584
4618
7213
2472
2766
4003
8225
5455
6024
8711
1517
1731
6393
5027
8307
25
4705
3773
1455
4561
6408
7921
4080
6330
2557
1817
8144
7316
1531
7515
6578
6273
9189
6748
1783
8533
8526
6866
653
4349
7847
7176
3061
5484
6054
8426
5855
9983
5791
3328
2500
9890
2978
6040
7472
444
6048
9180
7690
5974
8187
370
8353
2585
2714
3570
8484
9540
9174
322
6350
317
3252
5502
317
511
6814
7091
3582
5777
2736
8490
390
5159
6012
4914
6639
6018
587
2454
9901
9731
17
3949
3164
9166
9947
8097
5128
2841
8840
4439
6297
9426
4497
7245
8377
1152
9686
1570
930
7410
2087
7998
1289
708
5292
2050
5393
9777
4897
2363
286
5746
1809
9264
8407
2771
9181
555
7383
7655
9353
1541
8240
5522
8516
4969
1116
5076
1635
1674
4705
5798
4569
800
6144
3660
3908
2990
9995
1419
3366
8479
9457
2036
6926
2335
7335
7134
2035
4358
3524
4658
2238
4079
6585
4000
9105
2551
9019
6127
4087
8624
6926
7985
9672
9845
400
3876
3145
1304
1968
3573
4591
2615
2729
1792
174
9022
1935
8370
6690
3301
6388
6463
2937
4922
6231
2320
1931
1338
4185
8116
2967
9784
2030
6311
8587
720
6413
8064
6159
9221
6596
1155
3775
502
2283
216
5795
1344
786
7955
7661
5213
6106
8114
4751
3770
4893
1093
534
8342
7868
2199
999
7558
3475
3484
5268
2245
1898
9283
1210
5289
9051
7626
3258
6417
5594
4240
7843
9130
5350
1701
4633
1297
4507
5646
2420
4226
3026
837
2439
6399
5190
606
8826
4525
6995
4436
4087
6376
9324
2849
8286
2663
2681
1596
2309
3514
5484
317
6496
3968
6638
4540
3369
2053
8411
9256
700
6056
2215
8483
721
3658
9691
3002
4758
2738
6080
1379
5624
4654
519
3983
3391
7141
1154
2095
1524
9687
83
9410
399
7541
8431
2124
1089
653
7421
4531
5418
1742
7537
3203
2168
2330
6816
2049
3326
5609
1280
6461
5388
6666
1150
2672
2577
7701
7355
533
7305
1963
8067
196
5892
639
3707
3769
7446
8302
2375
9236
4932
9177
9333
8217
2657
7716
9113
9703
6117
8550
8086
454
5271
6945
550
7705
9175
3147
1670
6868
1899
7371
5569
4999
6851
6416
328
6679
2923
9883
5578
8974
2301
5821
694
3929
7232
10
9434
4463
7777
6669
8758
9858
8748
8341
3170
2382
6183
4781
5145
2462
3499
330
1185
6510
6704
3389
744
699
8116
9704
9949
294
5976
9117
6263
567
4823
1922
5846
9502
628
2161
2612
981
1647
4780
1736
7506
899
2590
6487
6073
31
3116
6183
8189
9423
7274
8385
9751
4086
233
5218
7263
4858
143
2158
8503
3901
6367
4546
9848
9059
3351
245
4323
3829
489
3914
3482
5664
5585
5956
2199
4074
6373
1990
3689
8099
3498
4294
2864
2772
7411
4109
1710
104
8917
3551
2669
4643
1734
4481
3151
7938
3427
2699
2161
1969
4960
6092
3209
9091
2011
8388
4318
1329
7162
5587
2662
6018
8562
2331
122
2003
7881
1940
7062
5764
5779
1612
4653
6639
4521
4568
1402
9845
697
1740
2913
6903
8038
2435
8675
6910
8287
7692
9408
8343
4478
289
8295
6383
6535
6517
3609
7990
5632
7001
3964
1715
1599
9883
8891
8388
5902
9787
7979
3760
1372
8715
6824
5596
7086
3875
5646
2502
8643
3310
323
3089
4069
917
3937
9005
5338
1270
1522
4050
554
6257
3140
7177
9580
7294
7356
7991
2953
1758
5654
4199
8466
6412
314
7795
8876
8736
155
8799
905
7088
266
1026
7075
7875
631
8353
6418
9460
6327
6938
6413
4527
4625
170
1309
4267
2114
9163
7452
6436
4528
4638
7677
323
9756
2721
4373
9517
400
7165
6502
341
9576
2126
7021
4799
5502
3152
9601
5106
7853
3058
2492
9928
3303
1210
4407
8165
6386
1141
3821
8866
6317
8681
9393
3845
8512
9497
124
6975
8673
1299
9326
3217
1107
4458
6166
1468
2809
1932
4045
8356
6905
2159
1004
911
9867
5644
5358
2768
7808
4040
159
2475
6816
6331
4980
7476
8812
2207
7141
233
1394
823
1637
3320
3310
3193
8322
3806
8685
1770
8968
7950
1917
8324
9248
1450
1729
4822
2997
5216
449
3384
9367
2596
5533
2602
9176
4662
5122
5048
1668
6896
7301
5420
7886
3791
9213
8880
5622
1163
7597
5934
470
6772
9791
9270
9164
523
1244
2251
7185
2506
8903
4810
9592
9121
1738
2168
6786
2446
1415
8455
1806
4728
1041
6645
7343
9016
4868
8434
9045
3253
7902
939
2605
1370
6113
232
7172
2454
241
5758
1783
4512
4791
1457
7590
3381
2264
1770
2774
8896
2640
8977
5078
9684
8680
5960
9226
8729
4631
6339
5475
737
7364
6167
1007
8085
9561
6158
1404
8849
1731
6660
4696
2920
5334
7890
469
4165
205
5957
2056
8048
5616
3769
784
922
2958
2183
6643
677
6857
7624
4180
9234
4114
3829
8897
1384
6633
5789
8281
7726
758
6562
1163
325
4326
3184
4937
661
9005
6923
5404
3378
8602
596
6257
2155
6952
2343
3984
1808
9136
7396
6045
4141
6636
7848
9287
8807
3271
8504
8366
5201
4320
6698
579
5243
733
1359
1287
888
4731
6753
7877
8795
3940
7989
4123
5534
1114
6668
275
3310
2047
3100
3169
6182
135
390
9557
4470
453
484
2384
2479
2994
449
3859
7294
4957
980
1106
3539
1996
6587
8776
46
304
6320
7124
1733
487
8602
7890
6995
8938
5091
2164
9520
4631
1761
5886
9177
8441
2564
5698
7276
9891
5435
5168
4643
156
6691
5391
3290
627
2652
2233
3646
1684
1738
4880
2692
3539
6389
2750
948
2341
1821
5931
7088
4031
799
3704
2740
534
236
1064
556
2245
5388
9710
9852
284
8974
848
7888
2469
986
4859
6097
6787
6550
8209
9633
1987
2385
7870
163
52
3343
1017
3882
5987
5794
8805
8316
879
7105
7142
2162
7628
9720
352
5167
2243
5851
3771
9530
2582
3736
5796
8042
5296
584
813
7230
2363
3810
5813
4694
7852
3885
8866
5585
4489
6031
9210
4484
9098
5078
2576
9059
5389
5442
3148
1743
2051
7390
7764
3420
2329
3081
6646
6830
8081
1701
6744
496
5742
5003
1782
9008
8239
985
3594
4346
2418
7386
2970
2047
8954
4368
7595
6242
7419
6096
2500
7360
4178
6618
3373
1689
9570
8627
4630
367
6137
3761
6996
522
4753
3826
4566
2629
1346
1001
5414
5289
7796
9479
5898
2099
5603
8338
3066
5541
8619
196
2525
2678
1379
5139
8060
7078
2630
6056
3736
7619
4428
7262
135
6449
9559
7673
1881
8345
7145
2929
7065
3825
5267
7833
5247
3524
2424
5584
9778
1677
9393
9396
6298
4085
6617
1502
8068
9271
8664
1021
1103
7564
4334
4738
2036
3721
9365
118
3570
5217
8200
9540
8471
6407
5042
2998
8715
2580
1839
9439
3285
4465
4320
754
9409
2386
4682
9678
3338
9231
9325
7127
4929
4928
6530
3409
3183
3029
3838
9739
6375
1039
8180
6838
6292
319
4390
9265
6706
2872
3003
9298
9113
3667
7196
3187
1396
9967
3177
8535
3376
2547
9065
1720
9360
6130
3422
8942
6157
8250
1815
2413
2090
5145
3615
7180
885
2316
2802
9405
858
1861
3488
3966
7986
9048
5210
6395
6088
3682
4026
478
7116
6183
5327
6853
7393
119
4709
5533
8785
603
2627
384
8240
530
5070
4361
7085
6307
9835
5360
8517
9646
2306
6822
4114
8627
9358
8302
9825
9038
3537
8374
1969
4238
7732
7921
9815
3201
3323
739
9247
6270
2951
72
5661
910
9798
5073
641
3527
8389
8588
4312
9831
7989
9231
5407
2121
6699
7808
339
6455
2033
7060
9444
9949
9019
4770
3912
5925
3684
6627
3323
8469
9927
7737
7780
1697
5561
2329
4003
814
5251
4614
2391
4292
7885
5084
4844
5166
4390
9701
4465
3298
4752
2315
8328
9271
9705
7899
102
7608
2212
274
762
5700
1557
2935
5866
4015
8652
4436
5881
4201
1545
2643
2918
2857
1566
2513
6605
8038
4610
2049
160
7153
9601
5232
7009
9890
9905
3232
1046
1149
5439
2339
1087
3505
1624
4294
9619
8989
5908
2167
8262
7791
8684
3829
5592
7834
7468
3091
535
4084
7620
6824
8292
3946
9832
6758
5251
2752
8391
356
5036
3608
8617
4042
5006
1565
9042
4969
7379
1550
4435
8773
8271
7938
1520
8401
8370
7916
4331
6565
1357
9948
5711
6525
8609
3647
8985
8705
1459
5253
6241
269
1851
8957
9351
3292
3244
2447
2807
1366
6142
5333
3583
5619
71
4599
7816
490
9560
2466
5999
123
8115
5636
9880
1334
4667
8118
9928
1158
5748
3430
2177
1869
7497
7408
2411
844
7452
8377
7613
9647
8615
6152
7322
2292
786
7058
1400
5334
2414
8704
2781
7914
2014
7998
5506
4965
4821
6546
2393
1752
6746
9447
3451
4441
9512
9750
6058
1151
9490
608
2341
1866
6308
9386
4410
6924
2820
5862
3397
5256
2151
3050
7111
8614
8000
6895
4402
6591
8404
1127
8384
9723
425
8908
3828
5237
5757
6369
9544
6888
4546
1416
6661
8121
4247
4064
1537
7472
8306
4679
8899
9779
6425
6180
6722
7841
3936
2074
5051
9577
5260
9530
6898
1700
4678
1704
8047
3989
2827
4935
8473
4524
4385
4084
6593
1985
9972
4508
7093
3075
5487
6475
5493
2637
6326
5890
4690
513
9855
3540
2738
6277
3297
1245
1105
7671
8500
3632
1633
9693
5240
7355
402
3565
7266
937
6540
70
1329
2324
9801
2730
9935
5012
6160
1144
6371
5561
2652
4266
8467
1825
5163
4248
214
1542
4850
6118
6919
8711
6110
9857
8838
2561
2885
9554
8937
7594
3947
5804
4064
5946
1360
6872
1350
2695
1447
3418
2323
5707
9826
8351
1150
3508
9833
6630
3248
9304
6073
9208
3364
7810
633
4725
9434
7757
1767
1676
4635
8924
4881
3703
6342
9588
576
2625
9657
1719
6831
3365
4220
1390
3449
4548
1543
7586
8704
9474
1331
2599
3322
1726
9534
1621
790
4908
2024
6436
3677
5889
5115
1219
2243
6091
9543
1637
540
890
5867
8857
5707
9870
2768
7989
3254
4366
7455
6143
5
8658
7027
5303
7306
1022
5417
8051
9226
8460
1716
1080
7001
2789
861
7827
8548
4779
5847
4210
8936
6406
5888
33
1344
4697
6484
4596
3579
6496
1196
3166
7436
6441
1827
7804
7291
5164
457
5857
6265
6888
2401
1823
720
3563
8437
7359
521
2493
3049
8509
9768
3178
6269
9347
1505
938
9372
1440
6014
4207
5521
4020
1016
9498
3929
651
4434
3978
5811
8099
8582
9667
788
7084
9831
2583
7032
2780
1781
7491
5347
6875
1855
1929
9365
7890
403
2885
2043
4795
6017
2046
4338
4004
8014
1067
3959
7686
3604
4671
458
9133
4358
402
3713
4627
3216
5374
4185
9293
4637
5107
279
7809
1331
6695
8556
1602
3322
4686
8918
4043
8186
9777
6340
5684
113
6446
1298
5779
1187
8428
1106
482
6476
665
684
2840
9057
1331
76
8519
9973
2607
2713
514
87
5081
4646
5273
4792
2184
5218
7282
4683
1037
7034
838
662
5320
2942
4037
1396
8087
6896
4838
3020
4413
8888
5135
9853
1002
2757
7134
8128
844
1215
3234
9167
5074
4328
41
2276
9897
6384
854
7722
1109
9112
6590
7216
6493
2014
9616
8556
8548
7895
2591
6764
8448
7083
6461
7815
9880
4521
3429
9634
3822
4283
8405
8927
8231
5109
4471
6096
4003
1767
4586
6969
2126
8514
1569
5108
4034
711
9368
2477
3654
1099
4591
7485
6038
2759
1861
8933
5808
7707
5633
8704
7881
1682
7135
3323
9291
3249
5350
9473
3052
858
130
6542
2795
6125
19
6309
8537
8301
1730
4285
7713
3872
4746
7750
5765
3728
922
105
4791
1392
3686
3054
433
3752
1317
9079
530
5457
3947
1978
8454
140
4211
7868
7440
4220
8520
8376
7094
2612
9040
6270
6185
7595
7094
569
8928
5692
5218
8601
3120
7514
1831
8239
1146
7697
5066
2631
657
3592
2938
2271
7158
6018
6591
5654
2274
2195
3491
3280
1087
3872
920
1382
8308
3343
4453
7946
3131
574
6912
4584
608
3551
3721
1032
7272
2801
4737
1135
1019
9482
7718
6021
4112
6592
7548
4322
1796
3399
5769
786
5383
2980
8077
2024
3347
7776
5211
2942
3481
841
489
554
2026
6258
5632
9196
2239
2491
2864
9235
6613
2747
1348
7696
1496
8697
189
9427
795
3131
4205
8193
9953
373
1891
1319
4332
2819
5342
2744
6320
2834
9295
9266
6818
2904
8544
2063
8386
8164
4186
4616
7922
3328
2808
7539
6802
4611
2150
6717
9050
4915
933
2738
195
6359
7822
4633
9058
5547
7600
669
9746
3244
3320
6678
1613
4516
2924
9271
2151
7152
2084
6608
7431
1484
2533
5939
4978
5776
3083
7123
6229
5235
4579
6713
4127
1358
2018
4369
3034
1996
4197
6465
9252
6493
2726
4441
9246
2970
5080
5957
560
2322
4272
4272
3574
6147
448
8643
4828
9973
1520
4923
6785
9376
1627
6185
1947
7613
5396
9618
1591
106
3011
951
1226
8903
9919
7295
2346
2798
7033
464
9362
8656
787
492
998
9929
2092
1944
1363
3621
234
8056
6802
8301
3970
2438
7993
9738
4438
2738
9341
1178
1724
7203
8729
1887
1830
8252
5188
2373
2675
9433
4225
508
8530
6361
136
9651
895
1413
6877
7526
3803
798
6378
3118
1772
2421
4126
5911
5006
3476
9745
591
1044
5130
1491
8409
2624
1380
3888
2385
970
1895
8977
6795
8912
3337
4051
1764
6779
7087
7148
458
7257
1297
4783
2343
1580
2858
9982
6153
7455
3676
9319
1373
6800
5296
7372
3737
4863
8731
9331
1129
8145
4268
694
5920
305
3121
1752
9649
3620
4906
4486
7126
8807
5109
3973
9453
6232
1608
173
3011
8285
9534
9121
3512
980
5320
8858
7842
3672
5813
7488
8830
2461
8940
1700
7681
7241
7878
1613
3916
7503
824
2253
4926
1897
6302
8399
3363
9057
6212
2015
7435
1340
4430
2773
4357
1780
5399
2896
2906
7600
3910
716
3254
1618
6476
303
6800
4413
6410
9381
5659
3952
3200
1766
8598
2164
4560
6017
830
8942
4273
2904
7187
2833
8367
8231
983
7059
9232
1185
7875
2602
8242
6442
2724
9907
9631
3851
3442
5535
7986
869
4337
1371
8660
2437
7441
8298
7151
992
8256
6977
5620
9979
9504
4974
9879
5834
2835
7750
9480
2867
8257
3418
4733
478
5692
5301
5466
5115
9819
9845
4819
6544
6035
627
712
638
4900
6880
6895
9359
15
3023
9008
4974
9813
8025
7241
1186
9035
7376
5922
5080
2842
5492
1803
4893
5971
3708
6561
2757
5663
626
9487
3371
3524
9213
9265
1813
3411
3003
4996
3810
6046
2107
2362
4995
9416
4469
6617
6196
5973
8823
2611
1206
1184
7932
5232
634
6395
1147
2215
4299
3441
3258
6428
569
344
5068
4643
494
7154
2974
691
7662
3266
3434
8501
9312
7339
2678
2348
6579
9556
1804
1502
6159
728
4183
8048
6474
8027
8631
513
4003
7846
6241
1069
3438
467
7686
1569
3436
1828
7405
4126
5239
9086
5584
9942
3015
5619
2576
4164
356
6797
3814
5896
5720
7398
8327
2672
6352
3316
9555
8482
6895
1378
8907
4101
159
9018
4412
7648
2549
9631
4492
4986
9679
7798
7968
2704
2221
5236
5383
1014
9162
4898
4599
3061
4677
4062
50
1602
6688
2108
6964
4190
5940
3385
9404
2330
4895
6944
3093
6403
7291
6661
5568
2587
3516
8942
7535
6488
6966
3586
9952
1814
8793
9545
1412
3143
9130
6932
1579
2251
6559
9718
3454
3163
8070
8719
4905
3710
6578
3913
9907
2111
5924
1067
9083
6310
4786
7723
9969
5746
2934
4496
350
3880
8790
2582
